9727
10686
6576
3151
18084
8768
8905
12056
22742
2603
10823
18769
6302
10686
13289
20002
9453
411
9864
19180
18495
13974
5754
20687
23016
4110
13837
2603
10001
4384
9453
19728
14111
10001
12467
7672
20276
19043
6028
12193
12467
5617
22331
1370
9453
10960
2329
2603
15481
20687
10275
15892
16440
10549
22879
11371
16714
14796
5754
12056
16988
10686
22605
18221
19180
10686
13426
19043
8494
15207
7946
12056
19591
8631
15207
16714
17810
9727
6302
9864
20002
15892
13152
7398
3151
22057
8975
16714
6302
3151
17125
19865
11645
23016
14248
22194
2877
9453
14659
2192
6028
14385
6165
3014
15481
20139
3288
6028
8220
18632
18906
16851
21235
4155
11919
1233
137
10412
10412
13700
18769
10001
19591
11508
9590
10001
4384
6713
18084
4247
6168
18769
2603
4658
6439
18495
19865
19591
22331
18358
22194
2192
2055
13563
6850
13837
2466
12741
9179
137
14796
17125
5480
19454
19728
1781
18495
8888
14111
8905
20550
13289
9453
4521
548
10823
22468
14796
9590
2329
9453
10823
12056
14248
14248
18221
14248
14111
8905
18084
9179
16029
2192
10138
13974
8083
17262
22605
5069
1233
5069
3973
22057
14385
13974
16303
16029
20550
17399
685
3288
7809
15481
18084
3425
959
20002
5343
14248
2329
8768
2055
14522
20824
4110
6165
16714
5617
22879
14522
18632
5252
6439
16577
20413
19317
21646
15207
8220
7261
2055
1096
6850
8357
7535
17399
5754
16988
1918
11508
12056
137
8905
2329
7124
15481
4247
5343
13974
18084
17536
22057
548
4658
22194
21646
12467
16166
959
10549
22331
18221
8905
13700
17810
7946
2329
20550
4795
18358
6850
3151
6850
19591
13289
2877
274
17262
13015
3425
17399
18084
4384
23153
4521
3151
10412
9042
18495
1370
11782
16988
20687
7124
9179
1096
15070
13700
21372
14248
20276
3014
1370
22468
16440
15481
8220
7261
21235
20687
19454
7946
21646
20687
15344
274
16166
6850
11919
1918
6713
18769
10549
3425
8768
20413
9727
1370
14659
959
14522
411
9042
5206
3699
7261
15207
15755
6850
8768
10001
15207
21235
14111
10686
11371
12193
21920
9590
20276
20276
18084
2192
6987
2329
2466
4658
14796
6165
20002
3425
959
16440
5480
20413
5617
10960
23016
12878
8905
22605
15070
3014
4384
16303
17536
18358
8905
7124
8494
2466
9042
1507
14248
2192
18221
16714
17810
17399
14522
14796
20687
17673
10412
16988
12330
8905
21098
11645
1370
1
22468
22879
23153
22879
22468
22605
22605
23153
22605
22605
22605
23153
23153
22879
22605
23153
23153
22879
22742
22879
23016
22605
23016
23016
22605
22742
23153
22468
22879
23016
23016
22879
22742
22879
22742
22605
22742
22879
22879
23016
23153
22742
23153
22742
22879
22879
22605
22742
22879
22879
23016
22605
23016
23016
23016
23153
23016
22742
23016
23153
23016
22468
22468
22742
23153
23153
22468
23153
22468
23153
22605
22742
22742
23153
22879
22468
22879
23016
22468
22468
22605
23153
22879
23016
22879
23016
23153
22468
22742
5480
137
1
21372
23153
23016
22331
21783
20824
21098
22742
21646
21372
22742
21783
22879
22468
22468
21783
20687
20550
20824
21372
21920
21235
22194
20961
21646
22879
22742
22057
21235
23153
22742
22605
20824
21646
22057
21646
22742
23153
22605
21509
22742
21509
22605
21920
23016
21098
21098
20961
22468
23153
22742
21783
22605
20961
20550
21509
20824
21920
23153
22605
21235
22742
21098
21509
22194
21372
21509
22742
20824
21372
21783
21646
22194
23153
22331
22879
23153
20687
22605
20961
20687
20550
20824
21372
21509
20687
21098
22331
20824
23016
20824
20824
22605
4110
1370
685
137