24985
31297
29719
4208
5523
1315
22881
13939
18410
1293
16306
3156
11572
23144
23670
19988
19988
30771
28141
12887
12361
21566
8153
789
4734
8153
27615
28667
28667
16043
8942
22618
28404
18673
20251
27615
6312
23670
15254
30771
16043
14991
14728
27615
26300
6312
29193
8416
29719
10520
28930
20251
31034
18147
11046
526
10783
18410
10520
23407
12098
25248
18147
263
1578
27615
3419
30508
18147
1315
18936
25511
18410
28404
7101
11835
25511
1578
30771
5260
1052
19462
8416
6838
6312
9731
9731
19462
9468
20514
7101
19199
4208
18147
9205
9994
1578
5260
9468
6049
24722
27878
21303
13676
10520
24985
31297
14202
3156
28667
13939
2104
31560
28667
26826
8153
2367
21829
1841
12624
4734
12624
26563
23144
29193
27615
21040
31297
2367
13413
9994
15517
14991
1578
9994
13939
17621
17621
14728
19988
19199
2893
17095
20777
4471
25511
23933
7364
18936
14991
15517
789
13150
1315
29719
12098
7101
21829
9994
1578
6312
24196
29719
17358
26563
22881
25774
20514
8416
15517
12887
17095
13413
8679
263
20251
3682
20777
28930
14991
19462
22618
17621
3945
24196
526
12361
1578
30771
13676
789
14465
10520
3682
23670
31560
21829
21040
6575
27615
4997
5786
4471
12098
29982
30508
10783
7101
18147
23144
21566
10257
4997
17621
6049
22355
17095
24985
23670
29193
23407
13413
29456
12887
526
7101
27352
8679
4208
10257
9731
22092
263
29456
11835
24459
13939
24196
21566
3156
10257
526
6575
6049
9994
20514
13413
8153
263
12098
27352
23670
7890
17621
16043
8153
1052
6049
20514
20514
1841
24722
28667
17884
26826
25248
27878
25511
16569
17884
22092
7627
29456
26300
24722
27089
1052
26826
12887
27352
7627
29456
24196
29719
3419
15517
10520
5260
22092
2367
6312
30508
18147
23933
24459
29456
6575
15517
15780
18936
6575
9205
9468
30245
18410
18147
4471
19725
27878
23407
9205
23670
6838
1315
9205
26037
24459
1578
4734
20777
24459
27352
18410
24196
15517
11309
10520
526
13413
4208
16569
27089
28404
11046
15254
1841
8679
24459
29193
18936
18936
8679
18410
1315
13939
14991
4734
18936
526
16569
3682
789
22881
6838
1841
9731
16043
26826
12098
3945
11572
10783
22355
26563
31560
15254
27089
20251
5523
25511
24722
15254
24196
16306
9731
1841
14728
25248
19462
28667
3419
15517
10520
28141
526
13939
16306
18936
11309
30245
4734
8153
29193
7101
1315
22881
6575
3682
15780
16569
1
30771
31297
31560
31560
30508
31297
30245
31297
31560
31560
31297
31034
31297
30771
31297
31297
30245
31560
31034
30771
31034
30245
30508
30245
30245
31560
31297
30771
31560
31560
30771
31034
30245
31034
30771
30771
31560
30245
30771
30508
31034
31560
30245
31297
30508
30771
31560
30245
31297
31034
30508
31560
30771
30771
31034
31297
31560
30508
30771
31560
30508
31034
31297
31297
30245
30508
31034
31560
31297
31297
31297
30771
30245
30508
31297
31034
30508
30771
31560
30771
31560
30245
30245
30508
30245
31560
30771
31034
30245
31560
31034
31560
30245
30508
30245
31034
31297
30771
31297
31297
30771
31297
30508
31034
30245
30771
30771
31297
30508
30245
30245
30508
30771
31297
31560
31560
31297
30245
31560
30245
31297
30508
31297
30245
30245
30771
30771
31034
30508
31034
31034
31297
31297
30771
30771
30771
30508
30508
30245
31034
30508
30508
30508
31034
30508
31034
30245
30508
30508
30771
31034
31560
31560
30245
31297
31297
31560
31297
31560
31297
31560
30245
31297
30771
31560
31034
30245
31034
30771
31560
31034
30245
31560
30771
31034
30245
31560
30245
30771
30245
30245
31560
31034
31560
30245
31034
30508
30508
30245
31297
31297
31034
31297
30245
30508
30771
30771
30771
263
263
1
25774
30771
27089
31560
24985
30508
26563
27352
24985
30508
31297
27352
28667
24722
25774
27352
27089
28667
24985
31560
25774
28404
24985
29982
26563
31034
27878
25248
27615
29193
26563
30771
30508
28404
28667
25774
28930
30508
30508
26300
31297
28667
27089
26300
24459
31034
24459
24985
24722
26563
26563
29193
24459
29193
31034
25511
26826
26037
26563
29982
31034
26826
25774
26826
28141
31034
25774
26563
24985
25511
27878
30508
30245
31560
27878
28667
28667
30771
31560
28930
24985
28667
25774
26037
31560
29982
29719
26300
25774
28404
27878
27615
29193
30245
29982
31034
28930
24722
30245
31297
29456
26563
28141
28141
27878
29719
31560
29719
27089
30771
29193
30245
26826
24985
27352
24459
30771
29982
31560
24985
26563
25511
25774
31560
28141
25774
29982
24722
29193
30245
27615
25511
28404
29982
31034
28141
24985
29193
24985
26037
30245
26300
30508
31034
28930
27089
25511
29193
26037
31034
26037
26826
28141
26563
27352
29456
30771
25248
24459
30245
31034
29193
30245
31034
24459
29456
28667
31034
25511
26037
30508
27878
28141
30508
27352
25774
31034
25511
31297
31297
24985
27878
24722
29193
26563
29982
27089
25511
31034
29719
26826
27615
25511
28141
26037
27878
26826
27615
29456
25774
24722
29982
26826
31297
28930
31297
26826
31297
30771
31297
25774
28404
31560
31297
25511
26300
27615
17884
263
263