-98742
8021
-400
9870
3506
-4001
-40500
-242
-59600
-63400
-70900
1921
7667
-700
-89942
6421
7903
9390
-5121
4621
-8643
9290
4921
76821
-742
121
221
-942
9521
8146
7421
-900
-32200
9714
3026
-421
42321
6021
5684
7221
-86500
-22500
5018
4121
-24221
-8900
6804
-1648
3625
-900
221
-521
4344
9771
7821
-82242
7270
3643
-742
1702
-4844
-98600
80821
-200
2855
55521
-742
-700
3521
9021
-79121
74321
8422
-18521
6821
-90342
-49921
1121
3031
6392
-73500
9421
-300
6451
721
-49621
6632
121
4844
-142
-5772
68721
8221
521
-221
-400
7321
5521
6398
-200
221
721
421
3165
2446
6669
94621
-47242
-5833
-5077
521
2621
2982
2696
-32800
521
5521
121
4121
-5837
8412
-74342
821
1749
5321
-421
-642
4318
4643
9821
821
1821
821
7618
-4900
3121
-242
-500
521
3631
1863
-400
-321
-500
8668
-82800
4078
821
9748
521
-200
2078
75321
1336
8621
-400
25521
-342
2731
-77500
3521
-600
6021
9321
3121
-33221
621
2151
42521
921
1367
16221
421
221
-342
-8431
-3168
621
2016
-2800
5021
-721
1846
3321
2568
69721
66621
-29721
521
2421
-92600
-621
721
3021
7721
1037
-52800
-34800
7021
-76200
-800
421
4321
7622
4264
-800
8127
13421
-81242
4190
3157
4421
-87700
8743
-9844
-74000
3621
-1621
43621
-842
-542
8121
-2402
-621
3621
-71842
-5193
1520
9521
8439
3600
7434
721
4321
-6592
2421
3621
-121
-121
-421
-242
-92621
-1045
-200
221
521
-5989
121
-85921
9563
121
4325
6232
1148
221
721
-9456
121
-900
2321
521
98521
621
8667
3275
-342
-17200
821
95921
57821
721
-742
-44100
-47800
5821
-16021
55121
34121
8821
-600
421
7521
-300
121
-842
5334
-942
-21921
-11521
9103
-842
-3399
-421
-87800
1221
44621
9259
2741
87021
3421
2721
-32200
4180
8009
1921
-7315
921
8921
621
3747
5221
-57400
1121
8621
7021
1504
6503
8621
5174
-14921
-1392
-842
-442
1721
-36000
9185
16321
68921
7959
6809
221
7436
18821
8421
221
-96600
8224
8966
9521
-40900
10521
-600
6821
-63121
-1441
1621
14421
5721
9121
-221
921
6277
7079
2921
5580
4621
76021
-500
-142
-842
-221
-921
7421
7874
-542
5421
-51421
521
4482
2464
-600
-242
221
4521
5145
421
-27842
-442
4321
421
5990
721
3589
2538
1121
6421
8921
26621
9447
2221
78021
321
-13800
-6428
6965
521
-98200
-86300
6521
-221
7221
921
3421
3379
321
-400
47021
7921
-342
6273
-700
-6068
621
-642
9421
721
8197
5221
2112
3072
7621
31621
8121
6521
1721
-1252
5538
2977
121
5475
-61521
-74142
-6167
6321
-99921
8334
-200
75621
-300
3057
921
4621
3981
-700
-442
-321
-70742
6616
-7376
6671
-900
-60421
5894
-521
2474
-10642
-3509
-89721
-91242
721
-442
4927
-17100
7962
8784
-442
-67200
1439
-93142
-65542
64321
1111
-12521
-67521
-39100
5521
3821
-81721
-46721
4427
5080
221
82221
4095
-16542
93821
-242
-21500
9521
2521
5521
9984
2081
5649
921
-521
8068
321
-7280
-642
5862
-6104
9872
1528
8907
-621
-7622
7243
421
721
-242
-100
6811
-100
-4543
6448
4921
3485
2421
4780
5486
4931
3394
9721
-600
-8111
-74800
-221
8421
-18621
-942
55521
3621
9190
7441
-65742
3686
-5864
3921
-73500
8721
5421
5821
5645
57821
1086
-721
-64021
-8550
-68000
221
2021
6375
8521
7521
9438
-48000
-50721
7792
1105
-49300
9122
-1098
8521
8121
921
17521
-642
66721
3290
7221
-500
-6798
4406
2821
221
87521
521
8921
5521
-36642
321
-70121
1070
2521
1929
821
2003
4539
-700
1221
2709
-821
2121
3582
921
1621
3953
81321
-7880
-121
6521
7321
5721
421
821
-821
221
8169
7321
421
-84842
721
1121
5921
4221
3921
2121
47121
3421
421
7121
-68100
-1841
-43342
-27142
8121
46121
5921
5321
6321
-621
7259
1728
821
-742
7767
3821
9222
721
2321
8386
-4973
-200
4721
-31142
-1791
2921
821
2545
7021
4076
-242
721
-81000
86721
-600
50921
9503
-521
-9871
-1433
8620
-4477
221
-821
6121
2121
5155
-4758
-59542
6834
-521
2021
8621
81921
-3628
-142
62421
7021
4521
2441
8521
7121
7393
8321
1660
421
-8142
2321
-142
3921
88421
4721
4185
9539
2721
-642
4975
43421
4947
4221
-99921
821
9936
-242
3121
-221
8021
8867
-100
2581
9321
8227
4321
5821
-600
-300
-621
-29321
2621
-600
-5393
8343
6021
3732
8488
-76521
25221
221
321
-65000
-242
321
521
36521
-100
-25342
-900
8969
2721
2815
-400
58821
1743
-421
821
-48300
-31242
-321
321
9621
221
-29142
1466
84121
-4787
7821
2318
48221
821
4721
-76842
-242
5017
4057
-8421
-242
9894
821
-300
6421
-221
5421
-721
7684
821
2221
-82042
7621
5621
4921
8672
321
2241
-62342
82621
7705
-22221
-442
-500
4304
-12500
66721
7982
-66542
71021
-72642
-5327
1606
-14300
91521
8233
3483
621
93921
-56742
2389
221
3963
29521
-942
121
6161
9464
9837
3570
921
96621
98421
3399
6921
2938
521
3521
3721
1321
-142
6015
37721
5921
6021
2021
-17142
5944
-80542
7133
7268
-31900
8021
8326
4521
2705
3321
4575
321
521
5521
921
921
6487
4321
-142
221
721
1121
1211
9021
2821
85121
99321
-700
4161
-821
9021
-74021
4121
78621
-90821
2221
-142
-70342
-242
-38321
4621
-22421
2025
5536
4721
-221
-200
2621
3321
-1946
2436
7521
8607
-300
9521
4721
-76842
-17100
80521
8721
3021
6056
5408
4321
-621
5347
121
-800
6521
7122
2461
9121
8393
-78842
2021
321
8974
-11721
-16400
-35442
19721
-85900
8609
6021
8421
5021
-700
-7548
-64900
321
3721
82821
221
4600
421
5121
-67500
-521
-26121
8021
1407
-50821
221
721
1221
5441
-542
5021
4445
5570
32521
53221
-700
-542
6621
60921
-321
4521
7338
4945
-52542
2621
1528
721
21221
821
-6838
5321
6321
-55142
66521
2921
3757
-3821
1440
-4142
-38021
7621
1416
-15900
-59200
-4824
-86800
5721
-242
-7921
2661
9421
-27200
421
-600
2774
2021
6215
-621
4621
2021
-700
1621
-32321
4721
71321
8032
-842
-44500
9966
1769
321
-642
-642
9721
7421
421
41821
71921
-400
-842
3924
321
-100
3203
8043
7921
6665
7176
-3133
321
1320
5621
-321
2021
1356
421
221
-41842
821
921
3029
4276
7821
72721
9353
8821
5021
6121
8250
8825
5266
9821
5744
-542
9705
-71900
2321
5068
42221
621
-121
-9440
66421
30521
-9732
-90842
621
1221
6521
8521
121
1050
-53721
-442
-4200
-542
3660
-4800
4821
3621
321
7421
9678
-142
-21700
5070
-121
3434
-61921
-46042
-821
54321
821
1931
5395
321
6721
-521
1790
-20300
8721
-221
8321
1736
5192
-342
8821
-50500
-742
6903
73021
5121
-4421
1021
8504
3321
3932
-44721
-200
-621
4599
9421
5026
4838
2434
9621
1192
72021
621
7207
-50700
66821
4421
7921
-1802
4876
-8441
4821
7900
2756
5821
221
-621
5732
3771
-821
421
6807
-47700
-942
-521
-41442
9821
1521
721
1921
45321
4921
721
-900
-86400
-642
-621
3899
65521
-4111
521
-70700
8121
8421
621
-76121
7677
-2387
-200
-821
-6729
9033
-84700
8421
-221
10221
19821
2621
9985
1129
9211
9421
6221
8121
6721
-90000
59921
-32721
-221
-921
921
1108
5002
-10842
9621
1721
8021
9221
421
3208
-4300
4721
8921
4121
-21321
1621
8267
4583
61021
521
3521
26921
7221
79021
3645
5477
7521
421
3867
-99000
2721
2111
4721
2830
2521
-521
-200
93921
6321
3321
4321
8921
8621
-1366
2015
2921
1621
-942
56721
621
521
-20342
2222
8521
4510
4930
-25621
-17821
921
3749
7521
7521
921
-342
3033
4321
71321
-5864
7021
34821
6721
-521
4260
6661
-26021
60821
4321
621
-88242
-56821
-9961
921
-421
-67900
-13100
-63842
4191
-8462
-1962
-1863
74921
-742
5290
-342
8417
-2028
7521
9207
9111
-5924
-5167
-7589
3721
5377
3677
9240
4421
3437
7740
5221
95821
3021
8021
621
521
5021
-1221
-68200
-2590
5621
-921
8787
5021
9821
7721
66321
-100
5321
43521
-87321
-900
8637
6021
-19421
8521
-46200
-1054
2452
8482
5821
8421
2585
3797
121
821
8070
-34821
-95442
6267
3621
1821
-621
1121
1374
-93300
9521
2085
7593
46421
-342
5821
921
6621
-86421
1210
6721
-842
-98421
74321
6312
-9833
2621
6093
3321
2321
1681
-6205
5521
4694
-4868
121
-821
7221
621
3621
-7079
321
7282
9721
-62642
-43621
7821
3276
42621
1921
-9628
9810
6141
3563
-93500
5721
321
9046
5821
2821
-121
-9942
-6689
-821
6028
421
9121
4015
-342
6321
7921
6521
9121
5031
-68700
-3594
-30121
1521
7421
4321
18321
-542
721
1685
7760
-921
-521
3852
321
94121
-41200
1221
8906
-321
12421
7121
5537
62321
7283
9321
921
8121
4521
6721
69821
-15800
-60300
1921
-8982
-600
-8057
221
4421
-25500
-16621
3821
7091
6004
8283
3221
-9254
-821
621
5959
821
6621
8721
7021
-6925
95721
-4286
6599
-642
621
9886
8821
2409
-2423
6198
99421
67221
56821
6021
921
5021
-92242
6821
-121
-421
-142
5880
1521
6127
67221
-2721
3321
5728
5384
94121
3557
-28242
821
50921
-542
4873
121
77121
-4099
-97742
3462
33621
4452
4721
5521
52321
-3138
621
221
-900
6521
-79242
821
521
68721
8803
421
-25000
6821
121
13521
6121
5421
-17842
-900
7679
-48242
821
2721
6283
18821
-900
96021
4936
-2097
5285
4183
9321
-3900
521
-90721
5090
6433
-521
3608
121
9875
421
-1942
9062
3161
-83942
7001
121
4721
921
3821
1621
5150
9021
2221
7632
-421
-942
-8221
-8333
-2869
8797
-400
8221
-721
1931
8572
6884
-28900
9209
-800
-621
5762
4939
121
-16842
-742
73321
30621
7421
8621
-29121
-442
6421
4421
1154
7526
95521
3321
78121
121
5768
6721
221
13921
3888
-35821
4928
-421
2421
-221
-800
48521
3721
-8421
39221
-400
5254
1121
-800
-17142
-4748
44421
3521
39521
4821
4556
10721
7621
-1546
121
521
2347
-28200
9208
-82500
-521
321
4677
7621
1721
221
8192
3360
6602
-4442
9221
7063
-81321
-300
4859
6121
6868
-85142
-642
921
221
48021
4771
-3046
-500
-542
221
41721
-421
8821
221
221
8521
-38842
-921
-47200
2784
221
9021
-9364
-73521
1949
2721
-642
2891
-921
-242
2721
-600
5921
321
421
221
821
821
5821
-421
-742
8221
5121
621
2635
1771
3451
-80021
7121
-78500
-142
1974
921
1021
-21700
921
-642
-942
-900
-59742
97921
-921
7966
-63021
421
11021
-81521
7917
-9246
7921
-821
3921
521
8684
5330
2121
6749
6560
7421
4747
-400
-98300
8821
7152
3913
-521
-13642
22821
9408
621
3821
78721
321
721
6988
70321
9514
48421
-500
8721
321
821
4343
721
9291
2921
2442
-600
7772
6813
-31000
621
221
221
-73442
6321
8009
5667
72221
4425
-921
921
1171
9876
-700
-500
7721
-54921
2721
4410
9841
-121
1621
54621
29021
-200
-942
-74300
-721
8911
-2920
-4057
-7942
-32542
-1080
8021
-8544
-3990
57021
6053
-4822
4721
-84300
-21221
-621
76621
5521
1120
1413
7821
61321
3521
56321
-200
1621
9518
6221
9521
-18300
-87542
-49000
5221
4821
3521
2521
7384
7921
4878
-11600
-17342
-542
5342
4521
15821
621
7734
9666
-40742
121
1121
8665
-2378
-600
3698
-89242
7221
-49721
-700
7421
2621
4827
-321
-54721
8821
4895
-8136
-48442
7421
6521
-41421
8392
-38800
721
3194
70821
-44400
7421
-68000
-700
5470
-6640
90321
2670
-3025
33721
-500
7421
-521
4621
-8927
1840
1221
121
-27521
8121
6138
6921
-80900
7021
4081
1621
-15142
8321
1021
1464
2509
8097
2282
86621
-16000
-342
321
1321
1621
27321
121
-242
-91642
-142
221
7921
2308
9323
26221
-48521
-400
921
-9902
9421
-86121
7813
-59700
5721
-942
9685
2721
6321
-62842
321
4690
17021
2621
5221
9621
-2478
221
721
6232
6980
1579
1366
97721
4021
-542
-60821
5421
-600
721
4123
-300
1621
621
81221
1362
4921
1541
-221
-11321
421
6921
-92421
-421
-400
1821
6921
6521
-900
-200
75921
2124
-85542
1721
87221
-76021
-70300
821
5117
93521
-64121
8073
7221
-6921
4153
5221
-2378
421
121
-742
9258
5456
-221
721
-942
5321
921
4021
221
6221
-542
-200
7321
1972
-342
-90221
4074
-38900
3321
-242
-321
82321
221
-742
-100
7102
-38900
-100
8721
-18742
3221
-82921
-9278
-28821
3808
20921
69721
2721
6421
-41242
9663
9986
20921
-4775
7721
1145
-59521
5123
621
43121
34221
7134
7039
-821
3008
9021
2632
-121
3521
2921
-32300
17421
321
2921
32021
-4642
621
-7530
3621
-14200
6621
18321
6647
1921
7651
921
89521
-6347
-9340
3517
6431
221
-5476
7050
25921
121
8521
6621
7721
8621
5621
-5800
-35821
4121
-800
4721
-521
7282
9154
4195
2947
-800
2250
-94421
8821
-62021
4682
9677
-421
-821
-942
-1362
-942
1200
-62421
8248
2205
321
-9071
42521
74621
-342
35421
2321
39821
-800
6516
2403
-742
23721
71321
50421
3121
921
1027
5121
4634
6221
-421
3274
9914
5221
-91842
89221
2221
-621
5921
-20942
-70742
6768
-54921
7721
3521
-69900
-821
-37721
921
9221
-5442
9139
-642
-48221
6911
3321
-242
-321
-31121
-121
1121
-19442
-4964
8601
-842
77721
6631
8021
-29842
-800
-23542
-53421
421
-900
9878
6721
3421
-61521
-5807
121
-142
60521
7598
1021
-200
2821
4021
-542
2321
-700
321
321
6121
4616
6121
2221
2395
79621
221
5521
40421
4229
6121
2421
9821
1204
-421
-4431
-242
71921
44021
221
-38542
-88000
-300
20421
2203
3465
-300
-542
621
7321
1080
2121
121
3906
8821
-63142
4978
-94542
7991
121
3421
8264
-31321
1096
1487
49321
8569
-27921
4216
52221
-1021
3840
721
8421
-7770
46321
-3721
6165
-9667
5821
5521
821
9621
-32800
1108
121
8310
521
9263
-600
621
-742
5221
3421
9221
-121
-95742
-400
8421
-55942
3609
6621
-9642
5786
621
-300
-58500
5221
-59942
5893
-86442
9542
9821
2321
1121
-4102
5821
5405
9941
6421
-7500
421
5343
-93442
8395
4421
3662
9380
8784
95221
-9653
5872
7521
69521
1931
5070
6221
1843
-58542
90821
8721
3921
321
2821
-100
-8421
621
3492
521
721
6403
19721
-221
5696
6821
86721
-700
521
6321
721
-421
921
9863
1221
64521
-4508
1921
2858
5742
-421
-73821
421
25821
2578
-2300
421
-842
21221
1683
8621
7121
9113
121
3321
-242
65821
22421
-14221
-10142
-59921
-61221
-38000
9802
2721
53021
521
3621
-37900
9371
-342
53821
5221
-42200
7844
-221
9021
-2521
3421
76521
11121
3521
1290
36121
8
6229
7044
-32121
621
8476
8238
921
4021
721
-9110
79421
6121
17921
2861
4444
5721
721
8152
4242
4821
-8621
5873
9021
8221
-742
-61442
9607
8639
8936
521
58521
4302
5998
7706
1305
-77242
9821
7821
7714
1356
5270
-821
2831
-442
-70421
721
6741
-142
3495
2821
4524
5172
-3721
7921
9180
77921
5683
-742
2221
1939
221
9790
-49300
2710
9921
61921
6351
10121
9921
4121
-6458
8421
6373
721
-342
9431
-9772
-1044
-921
-3590
-1720
21121
8321
121
2675
321
2921
-600
-8821
-721
-63042
-83700
2338
81121
1446
7621
9021
2626
-121
4621
45521
62721
-521
-32542
-942
7765
-600
-600
221
-321
-642
521
721
6521
-7842
6921
-442
-642
8021
5221
-39242
5321
-99800
8821
3121
2421
-36800
6859
-6642
6321
48521
6121
21421
-6145
821
9712
88521
4821
8821
-2433
9241
-73442
-64742
8843
17821
1341
-13500
3721
-18742
6521
-1325
321
4292
-57500
-23500
-900
9928
-521
621
4044
5021
4421
93121
3221
-28300
8902
-6381
9871
8521
-10921
3021
95321
4128
-621
-400
8462
9621
9921
-5801
-63300
-500
-642
8509
6696
52721
-84000
2646
-25300
2588
-85400
-74700
1408
-542
-64600
-242
121
9658
-18121
9021
2621
44821
421
-32042
5921
121
8621
2976
-7431
7835
5978
-500
97621
-200
93821
9576
221
5921
-621
3321
1688
521
7021
2021
7743
8684
42921
-15042
2471
-500
6921
-92100
6929
-5145
-442
8321
521
8121
9321
3691
4710
4921
-1176
3750
5487
321
-300
-7387
3121
521
-700
421
-97721
-200
-33900
3621
-99942
5221
8421
-542
521
-742
9390
-71542
30821
-842
7930
7247
-1100
3151
-600
87321
-142
621
4921
-921
9421
5221
3776
-38642
6944
1621
921
-942
4421
7921
-2166
3844
-95621
37521
6137
-33321
8961
2637
4721
6176
7964
1721
4321
6965
6821
2621
56821
-921
2508
-67900
5574
-89500
7321
5521
9867
1021
-18921
821
8630
-66721
8921
821
-300
4986
72221
-500
8021
521
-500
921
5321
6721
7221
66021
4448
721
-58900
5241
821
3381
-4139
3961
3421
-921
5921
-242
-95342
-73121
6521
921
-9921
-2482
-821
46221
8928
4246
5921
78621
4021
6757
62121
4121
-67300
37121
-88321
-21800
6621
20121
14721
-942
4537
-87200
3628
-542
-821
-421
-600
-1900
-521
6233
6221
721
5108
-7500
5921
-342
2194
2038
321
7821
5914
7434
1050
2776
7921
-7272
-89900
-6646
-921
321
-642
-46242
-34400
-48342
21521
-36721
-7651
-74742
4568
9104
2221
-95321
821
-53521
-77921
-14421
1121
5321
-142
-99342
1021
-94721
9892
33721
-72900
5622
-20521
8685
-8842
6521
28121
-49421
-23300
8176
7821
7256
5821
321
9821
52121
6371
1521
5641
7694
121
3594
-521
6011
-80242
-22742
-24321
5997
-121
8821
6445
3121
-46942
-442
8821
-800
-142
2454
121
1921
6321
7021
-33042
921
321
-34500
3021
1709
2221
6748
5421
6772
-53900
-542
-58400
-8753
54521
32821
721
-83900
-300
6846
-600
-28321
-55821
-800
9704
7921
13321
-700
-30521
-900
821
-45521
-821
7658
2621
8130
-900
-43200
3016
28221
5421
7090
1697
-900
1021
-800
7521
2244
5521
-900
72521
-921
9021
-2642
121
-97321
67521
1986
-70821
3089
-500
9387
7080
9321
83221
-321
4160
7435
-44200
7780
2363
3793
-842
-2152
-542
6510
-69200
421
8721
-7764
-200
-99500
-51442
5121
521
6521
9007
8430
-52742
2121
921
7121
-53821
-21942
-8021
-80242
-421
321
-3600
9308
9921
3821
-37542
50921
-6921
17921
-7249
2637
7344
1821
1480
2157
-8098
4321
-542
33521
-34300
5016
8306
5234
-342
521
-400
35321
24621
-2620
2021
-22921
9621
9721
8813
89521
1993
1408
821
5546
-65042
44421
-74700
5621
5021
521
7761
-621
1203
-52642
8234
8389
4973
2821
-32521
3857
-99621
5058
-742
121
9921
-11300
1721
7321
-3721
-400
6221
47121
6921
-51042
-71821
-58000
-900
8586
121
421
-69921
521
-642
82621
9121
64721
321
-442
-5109
421
-91621
3621
-13800
-2058
-642
5610
-98821
-342
-5074
34221
9857
8821
8121
41621
96721
1507
1026
8021
-200
-521
2621
-5551
-542
921
7221
321
5603
3921
2021
7845
9065
93021
8162
-60900
1024
82221
65121
23721
621
121
2921
821
1713
7921
4478
3669
-3690
921
-81121
4648
90621
1327
-8560
5321
6421
-142
4021
-1980
-721
-54721
1721
6194
8721
-90800
67621
-2642
4885
-60642
7121
-700
721
921
7270
9121
83821
5421
-93621
-62321
1375
4539
-900
-700
-57621
-59100
9021
6648
5821
-221
-80421
8821
321
-25621
1821
921
6921
-9142
-121
821
93621
3925
5121
9931
2425
43221
-4053
-842
-49600
-6042
-6211
-400
2692
25921
6122
221
-321
-81142
-62642
-242
6813
-1996
64921
-200
-55942
68021
20521
5621
-6150
421
-600
4221
68021
5421
-36242
36921
2729
3821
2508
2659
-46221
-56242
7421
9641
121
-442
621
4662
98421
121
-5321
-6640
821
3921
-97742
-142
9921
22521
3651
1021
121
8621
-56500
7706
121
2623
-8742
9894
321
-23242
721
2221
-47200
-721
-3694
4921
7226
-842
-900
62221
-67100
6721
921
1903
45821
-221
41821
9621
4621
9121
-55942
-4842
-7463
-25742
-821
-10321
12621
8588
-221
9243
63521
7898
-600
7921
4721
821
-621
1986
-45921
4921
8921
-4877
94721
921
7121
-60200
31621
-16221
221
5421
221
6703
5766
-42521
6821
8521
3837
9121
421
8121
1623
2912
-4521
-921
621
4566
9721
-121
-84221
9246
-1442
-821
5821
6121
7421
-87042
621
1505
8188
9721
4321
121
8426
7321
-8909
-621
-621
87821
-521
4204
-5321
8921
621
87321
-621
-321
5333
68421
6534
1221
-7381
2021
121
9321
21
64621
-19100
621
2621
-15721
5421
8321
4821
-742
1620
2521
3308
-59321
-67700
17221
-14000
5221
7309
-24642
7421
58121
621
-72042
-600
3921
9299
4752
-921
5921
4521
7321
4609
5146
9587
-242
3535
5821
9021
57221
-400
-600
-8956
-600
321
-11621
8721
47321
-28900
3521
-60500
2221
6157
-38221
8321
-36521
-342
-142
721
221
-321
51321
-78642
-1000
9721
-900
-6934
-73142
9530
-642
-70621
7321
1922
-82821
8148
2190
4553
-49642
8940
-7158
-121
221
621
4721
7990
7921
4730
3019
81821
6621
1821
-100
8721
3251
57521
3421
68721
-700
-1842
-300
7621
321
5021
65221
3921
221
4879
-51442
921
9248
321
-2005
5751
-83000
921
-8637
36121
-821
85021
9921
-77821
96821
9073
30921
-25221
821
-442
9121
-66421
6621
3221
-1021
121
-88042
81621
1621
-900
-37200
-200
2213
5572
-321
8451
-500
8999
8482
2721
-97300
26421
821
521
-700
-17221
-8987
8769
9132
-942
3256
7421
6955
-442
-25342
421
121
-53121
721
-29921
-61621
83121
421
5221
221
1725
-142
821
6804
-5912
2921
2221
421
321
1524
2421
721
-9342
6188
-84342
2862
1921
-75921
321
-721
-500
-70242
7681
46521
-79800
7496
5121
8721
821
8020
5921
921
54821
-700
4773
-542
1128
5921
8221
9021
58021
43321
74021
321
7031
14421
4344
3721
221
5721
-700
-1883
421
-8871
9121
-442
-70542
721
7321
-900
4974
1621
3137
-95521
61321
-73221
6503
7954
-49700
-200
-91821
7265
-8942
-50242
90021
9199
7421
-742
6421
9367
5835
-9740
-6085
1821
8221
-121
92521
-400
44021
6062
2888
-86421
321
5621
1703
5749
1750
2491
-542
2721
2566
4921
-49000
76021
5319
2021
2916
-242
-23500
721
-100
7102
3821
5949
-27100
-242
8421
8531
88221
9921
3003
-821
6991
-642
4505
-38921
3421
76321
-56642
-92021
4621
5321
9021
5610
-221
-74142
821
65921
6145
3426
-521
1721
5912
-7321
2848
95521
9735
-17021
9021
4421
-542
32921
1221
-33000
-121
6121
7921
721
-78942
-13200
521
3475
6737
8791
-242
-60500
-3421
83321
7689
-200
-521
-55021
2121
2822
3167
5221
6721
3162
-37342
-900
4421
-521
5055
9421
-50142
521
-47421
-900
1491
-442
9611
1521
3921
-39521
3895
91421
521
2921
5308
9221
-400
9821
1021
1321
-66342
921
7103
5521
4521
9674
-91742
45821
6221
-19721
-4785
51121
1881
6521
-69242
2421
-71621
821
9821
5721
-142
7771
-200
9721
-100
5721
3021
8728
4961
-221
5503
3269
-38521
-25121
4321
4634
321
1801
7021
6521
-6091
7921
7121
-500
2527
4833
6392
75721
-3642
3121
81421
-63042
-321
6821
-76700
-400
-8704
-100
-242
-9407
-9265
-94321
-721
3621
7041
-54242
6431
83621
-621
9939
-921
1212
-3257
6321
49721
5621
-52421
82721
8634
3039
-5000
21821
36721
7421
6421
2121
-3061
-86421
121
4908
-9533
121
-800
-97821
-51721
-90621
9221
521
4387
91121
221
8450
3621
5721
2497
3743
35421
7521
4321
-29600
-78021
9434
-77921
6812
9621
-44700
8319
5921
2274
221
8821
221
8321
-86442
-3916
3821
8421
-7575
4521
-542
1591
-142
5901
20021
521
3921
2800
4021
621
-73900
-642
6741
7839
5321
-7614
8736
-121
-86600
1508
-9641
3921
2221
9690
5465
1421
7340
2521
-1895
921
-75400
5055
-85100
-9454
14521
-7708
621
1621
521
-19121
2820
1548
5721
421
9464
6892
2521
63921
-36721
-121
55921
221
6093
5221
-200
-54942
-342
-69021
-9546
-900
9427
-27500
6917
1121
-3782
1321
-442
6053
8421
8821
321
921
-82542
68621
-442
-64500
121
7216
-600
-821
821
-542
421
221
1021
1768
41721
-59742
721
-86021
-60842
-6236
-821
18121
-342
3921
-700
-63942
3295
-721
2321
-421
-842
8621
-4103
6682
9121
5981
38121
821
8204
-100
2621
-26442
-221
121
-37921
-642
8145
5121
-742
121
9010
6321
9150
-100
5721
6421
6221
2087
8921
9221
62521
3121
6930
-89521
3719
1612
-142
-200
-721
6705
29121
4507
621
5947
-4442
821
921
61921
-800
1621
5621
521
46821
49421
-821
7553
-16721
-9480
221
321
8948
121
4988
6012
-97942
5955
2121
3187
20221
3721
-8403
-121
63321
27621
-700
-53100
19521
1533
9682
-33342
-300
7821
-7904
4521
4221
9710
-34700
6021
-842
4323
-700
321
2460
9336
7367
13421
-300
-17421
3321
5221
8471
2792
1921
4903
6899
2521
8770
-20121
2476
8521
2921
5955
6221
26621
-91342
8393
1421
3645
-67100
-90800
4337
721
-942
521
-36400
821
1243
3856
3521
-342
-842
-11042
-621
-57742
3721
-142
-2014
5121
-542
-5988
1921
8121
6328
9870
9956
4072
621
2221
3421
-96942
8821
3828
4583
-28000
-28021
9469
-10300
321
9000
8321
9028
6621
-421
1121
5142
7721
7621
3841
5121
-77000
2721
39321
75421
8621
1821
221
1444
1421
-60642
-70421
94221
9965
-400
1100
-9256
-27421
5421
4240
-1993
-60421
821
1221
7641
921
-442
-33942
4621
2821
-621
-69621
4918
1421
-642
30521
2207
8248
-100
-21521
5721
6574
-400
-942
5564
28921
2501
8621
-942
4121
1447
1468
5123
4280
-97542
-742
8744
28221
69321
2329
4921
1822
-9000
79721
38521
-51442
4921
3187
3721
-921
721
-4875
5221
-500
321
5685
16221
18821
-342
2078
221
821
2576
121
9521
-300
621
-87742
7020
-842
4621
2521
3321
9177
9421
8115
58321
7780
-52521
53321
-142
6242
7138
321
7321
2021
58021
5165
8245
1321
-821
37921
7221
2754
-442
3212
-9300
-43242
6681
1321
2821
3721
4118
-121
-43242
-68700
85221
6285
7276
-99521
-900
8321
-621
-600
-6451
-500
8521
59821
-88342
7321
8889
9921
-93800
4667
56921
4921
8871
7266
5921
7232
121
5629
3294
-121
8423
6729
7321
-621
1728
-6400
2221
121
9860
-15221
921
6453
81321
33521
9663
-32521
3821
9862
521
221
-65500
8110
8524
8144
221
6121
4021
-921
4421
18521
9121
8986
9962
-4209
87221
-45700
3348
8321
921
2283
3021
-68742
-9811
42121
-60100
-3621
-24842
8796
1749
7326
3721
81821
3821
-1887
47321
8621
-700
2721
921
-921
921
6733
821
4821
-642
5233
-442
7626
-300
421
6421
8521
7880
7454
7521
521
1420
7598
9421
8921
2421
6221
-142
3612
8621
-7672
-5698
9942
7030
45121
821
-41621
9921
421
3097
8775
-85321
-6742
-3700
8162
2348
18521
1782
-43742
921
7121
2721
-18242
9921
6521
1039
-621
1921
2411
-93821
3878
-44442
-300
1581
221
4803
-16842
-60821
-27242
4021
-442
6521
7394
2721
3621
-800
5161
99521
121
221
24121
-142
-57042
12221
-600
-321
-2996
-10121
-5367
72421
321
1521
-19621
4725
-36421
-300
-621
4089
-800
-2721
58721
321
721
821
8421
4773
921
5821
8200
29021
-1409
-242
2821
75521
-400
5421
1248
10521
-23721
4733
-921
9290
-29321
-921
3921
2321
5921
5021
4221
-91621
4988
-621
-121
44321
49221
421
55921
5121
821
-6503
2103
8942
-76900
2821
-43700
-13542
4721
7721
-91742
42021
-2991
121
7321
9621
121
82621
-1700
7921
821
6538
1442
63621
321
6046
3605
-521
-35500
521
4021
-400
521
3077
84921
821
-19521
22221
821
9921
90921
-821
-500
-78821
9721
5676
6489
321
521
76221
-642
6521
421
-18100
5921
821
-900
321
-16642
13921
9323
8073
721
1392
-92700
-800
5887
1321
86421
-96221
1921
7720
221
1921
-1576
321
-700
9908
-121
-700
621
-121
121
9121
9221
-642
5564
6768
5468
-59021
-421
21121
7521
7421
421
-43400
-300
-83321
9985
-8200
5939
4112
-5821
5578
91221
-5466
2606
-221
7121
3877
521
-67900
421
521
3821
921
-25200
4921
821
-7473
521
-700
2721
-8421
8621
5021
1738
8521
-800
-85700
8721
-242
8421
9851
-44921
46121
9907
-642
8921
5842
7521
-46521
5221
6021
-96000
121
7721
221
-121
6321
2221
5281
421
-81742
3121
2021
1305
4521
-14742
621
53421
8121
-800
6159
65021
-98221
86621
-78242
-8022
24221
3421
4321
-1211
-46900
-321
6340
15021
96721
2621
-700
4492
2421
9716
-842
-842
-25600
7221
5047
2518
-63642
3738
6621
7621
4303
4759
28321
-842
-16100
-13321
-800
-221
-9921
-5747
5922
-821
8021
-39321
-30400
4921
7767
7821
621
-96700
421
-3368
1421
921
9721
-3221
9221
9929
3021
-28221
8321
-70221
8429
-13800
5721
-94821
5234
9366
-142
4070
-700
6121
-621
-81042
-321
821
8186
57721
1011
-142
3329
9920
4731
-242
4121
-721
-43542
-50242
-77042
721
-421
46021
6221
7366
4948
9254
-742
3921
-3363
1675
-121
9927
-45942
-5550
4285
221
-37121
2521
7544
-200
-38821
-842
-721
8921
721
-9400
61021
-300
3996
5363
57821
-200
28021
1021
-40621
-900
8821
3721
7782
1382
-700
3074
1051
-600
-12500
3799
-28821
-242
2729
42721
3521
6021
321
8842
-30800
-92142
4121
9964
2921
3221
2821
-89321
-142
1371
2557
3647
-33942
40721
52721
8251
-242
2420
721
6221
-81242
-57121
3821
-9757
6721
7975
7779
44721
9178
-8551
621
-842
-8800
6021
-342
-642
-542
5344
7867
-6513
821
1321
-121
-121
4921
-55121
84221
95921
-35621
1843
-921
21621
-63342
29421
221
-80442
9131
-49721
8921
5517
58821
4921
-8852
321
9321
-221
5421
-321
2620
3866
16021
-62821
4121
-221
521
9721
-142
-24742
-6945
7951
8276
121
6621
-5512
5805
4021
-81921
8899
2321
3221
4166
1436
79221
-75800
-242
1821
2721
921
7919
621
6743
121
-47542
-921
-81421
-8715
-3027
-70700
7609
1421
221
12021
9140
41321
6090
-321
2949
-53342
321
-542
34021
7004
621
-142
3408
1219
221
521
78021
-700
-57121
3121
2006
-842
2304
7815
-19900
-221
37821
821
-86042
63021
321
-64642
8821
4421
4821
3763
4105
1121
-90621
2892
-6171
2667
3421
-421
-35800
921
5121
-421
4155
-76500
2621
-30221
621
-54542
6119
9321
-621
8042
521
-33000
-721
521
421
-1106
8921
4721
4983
1021
9721
7621
-8005
-121
5192
8229
-3821
2421
66421
18121
-1300
1770
3421
-9392
5821
6821
4783
9710
60621
921
-61742
9621
-300
3421
6521
5242
-500
8196
-47500
2276
421
721
-100
-942
2920
9119
7421
-61942
8521
-41621
-25600
3021
8121
4421
-11800
2927
-9642
-38700
121
3821
9909
-821
7614
-44121
-29521
7221
1442
9620
-321
3521
8821
-27742
2721
7497
45321
-5726
7063
-47421
-24921
-800
5621
-100
321
-121
8521
-5642
-642
-39042
1872
9324
821
4691
321
-87642
1996
-542
9121
-98721
69221
8385
-942
8721
121
9721
27621
7334
9797
-521
-721
1993
5908
4921
-74821
3821
4116
-921
8421
3021
1121
3221
-600
6321
-1267
9231
-842
521
221
-70400
62321
9921
6717
1321
-100
6121
7446
821
8793
-61121
-12600
-24142
5122
-542
5221
3621
2660
4646
-61321
-36921
-30600
4121
62421
521
-9797
8895
-221
-28042
3521
121
-23300
86721
69121
-100
921
-28900
6523
-521
8508
3947
-100
8115
9821
9721
9621
24321
45121
2391
8521
9321
8421
-30200
59821
7221
421
5726
24521
33421
-72542
2489
8921
-942
6921
92521
-800
-92942
721
-942
8991
80821
1521
1821
4921
9216
-842
-500
85521
13021
-73842
-200
121
-442
2721
-63821
-93100
-88321
7475
4721
-842
9221
-99000
6350
-900
221
4521
-76700
1945
6661
6235
-600
821
-921
2021
521
5782
121
-6570
2121
-100
-18842
7721
-542
77221
11221
-200
8690
6221
-48342
2221
-22721
-400
-421
33921
-93942
-45242
7988
1408
1696
-542
48321
4200
-88100
6121
33021
3699
-97921
2521
1308
-84421
821
4321
9421
-921
-142
-56142
121
5621
-59742
-23442
60521
-90921
-8526
721
-1900
-542
1907
2021
97421
2294
2498
8921
9573
821
-7591
-842
26321
36221
-921
-721
-542
86021
4941
9021
3821
6285
6219
8121
7151
-92342
3024
6952
121
821
721
8621
3421
7830
8519
-621
4552
-33642
9921
-642
321
-200
3143
32521
9221
-18000
-900
-7032
-700
1298
-800
37921
9516
-100
8611
5521
-9333
2221
-69800
621
-62721
-200
2421
-64721
9288
421
-4471
921
-621
421
-75942
-82621
91921
821
921
90721
-3419
7121
8021
5821
-85600
4521
4580
2521
6621
4750
3321
9521
95121
-100
-942
-642
2599
721
7312
-142
66021
6935
-342
2367
9521
1621
221
-700
86921
121
4921
-121
-5548
7331
97421
8053
421
7221
3816
2321
-321
7821
-2742
-29542
-82942
38421
7890
3921
7837
2721
1621
9201
4221
1632
-84021
5789
221
-55521
-700
17821
6777
7624
3521
-9901
8458
82621
4760
-6518
3682
321
3669
8221
1160
-60121
6615
90521
1894
9480
-82621
8721
7042
2521
48221
5721
-942
-91721
9821
4521
86121
14121
-40042
1991
8321
6221
-15900
-5696
121
-72121
5521
-90942
221
9412
72521
9921
-49242
2778
621
35621
8502
7563
3169
721
13921
421
65021
-42142
1230
1401
-36700
3040
1821
-221
-10221
1353
621
43921
-12542
9207
7229
5621
-24821
2621
8021
-77642
-321
-542
-121
4821
7221
1857
6921
-900
-9625
-53842
7321
1921
-321
3894
1521
921
-600
-85242
70321
7821
321
7821
-78242
39821
7117
9094
-521
2233
5921
8621
71121
-4530
5521
4144
321
-700
7721
2021
37321
4121
5736
4821
621
8521
621
-121
6921
-20642
4927
-821
9821
-3852
8679
16221
6821
4421
-821
5672
49121
1356
50821
-14542
5321
-421
7764
7033
3263
7721
121
7617
1202
721
-51821
-342
2048
8414
-10542
2277
521
721
-6017
5347
-200
77721
121
9921
41821
621
721
921
7645
-721
4021
-90300
-64642
3390
-300
9521
92521
5771
-142
2432
19021
7639
2644
3100
3621
1654
-321
9921
1038
-342
-6830
9021
1272
-50942
9721
-9031
-8880
-13421
3908
321
-300
3354
1721
-89121
2554
2821
-8456
421
-48142
9815
-8023
3667
-23442
321
5521
3824
6119
5483
9094
3719
9421
6256
5310
-4000
3519
6571
6821
-95442
1683
9621
-71000
5367
8114
-69600
-600
1579
70521
-842
721
-33742
8220
521
-27021
2921
84821
8782
15421
921
86421
-64100
-221
-78042
4264
-73021
8533
-821
-842
-30321
-15900
9621
3521
5881
2324
-321
8521
1780
5721
521
35321
4221
1011
7184
6962
-542
921
-621
5321
1637
4208
-242
1621
7421
2838
66821
-800
-700
7121
6135
-85900
2421
-300
6058
-600
9066
8221
75821
7497
1921
-31142
5321
12421
7721
-542
27521
6307
-400
8972
8221
4276
60321
3221
3191
321
47921
1221
1954
11721
-50400
3726
721
-33042
-600
-600
1921
6458
7821
2196
221
4821
5321
9421
8596
-842
-97142
-100
3521
7587
121
-600
-3948
-98800
9144
9221
87321
3777
7635
321
121
24221
3966
-11921
2731
121
-742
-62121
-742
-55942
-3700
-721
3921
10221
621
-800
-30421
80221
9832
9821
821
4782
1521
4754
121
-68500
1003
-26321
2779
9521
8745
3421
-3709
5521
34721
-92100
921
-99000
72821
721
3980
9621
9787
7921
3021
-121
2121
22421
4821
-100
1921
94621
-500
-742
6821
7989
721
121
-3035
8292
3221
-900
5821
-58942
-26200
-34121
5680
-921
-5390
5021
5176
4926
8021
221
6721
7869
-621
121
2480
2421
-15821
4421
1621
6521
92121
7221
6799
421
-821
97721
5556
7825
34921
4121
-48642
3612
6494
7621
1734
9280
72321
-921
-85642
5421
1921
2274
-69221
-29921
-26242
-27721
89321
721
7682
-621
-900
7285
61921
-300
321
7869
-64642
2835
70021
-521
1621
-10921
1721
521
-24842
-700
3401
-81021
-442
36321
8579
221
-421
3553
-200
6033
-8942
5621
-942
421
4228
47621
4238
9421
1321
-65500
-400
46221
-800
221
121
-800
-4347
7824
9021
3861
921
-5921
4897
-121
7521
92021
14421
2621
2721
7206
-242
4182
9214
-400
-8051
5184
9137
7972
2321
3021
-9746
-4266
2521
-121
8521
62421
7321
-53542
-7967
89921
4921
-300
6421
-91042
521
5421
1580
2021
-821
5673
-100
521
5021
1653
421
3534
6621
721
25821
5021
4052
9529
-900
9321
-800
-1650
-421
421
75021
221
3184
86521
621
221
-300
5221
2021
-8319
6683
-742
821
3305
2221
7221
-87621
-6581
4630
-48621
4621
7928
5377
2636
-93442
3721
-321
-500
-7400
621
-400
97121
221
85921
8138
-600
6221
8821
5421
2791
6521
721
-47121
8721
-93542
-700
94721
9521
3724
721
3078
36621
4888
-142
-8017
8721
5321
421
4933
-1421
321
9634
-921
3933
-9741
-78021
-542
421
9421
-942
6012
70621
59221
-1248
521
9821
-61821
68821
621
621
48221
4421
9676
-221
3009
-40700
3821
-94121
-38442
8475
3921
83821
6713
-20521
-2708
-2866
5321
7767
921
721
2389
-1438
-5093
-121
521
-842
5121
9221
-400
-142
-500
2148
521
6921
3388
-900
-62600
4521
43721
6121
4921
-41500
4921
-300
8121
321
4021
-321
1072
-4984
3107
5121
1542
121
-3415
-63442
-91500
-742
5363
9721
4133
-900
-621
221
-95000
-821
-75942
421
66321
1921
921
-242
3321
-400
4183
321
-4245
-800
5321
8021
-29300
3982
-500
6370
-100
2521
7121
-500
19821
4521
45521
-342
-48942
6621
7221
1621
-121
6421
4421
8421
5221
8421
-58342
9268
121
-700
1632
1921
-321
221
8821
7586
-47621
-56500
4794
-24000
-900
25921
-6734
3026
-60621
8221
48221
-41600
8634
-38600
-70700
9721
3121
-221
89321
52421
4352
8721
-300
5021
-2742
-100
-942
27721
4926
-500
3921
-100
8621
-142
-91200
-56800
6321
-600
4049
4421
221
6221
-321
-200
-121
6821
24821
5102
-742
-600
-642
73921
4790
8456
8121
-800
-57300
-72842
-642
3099
321
321
4221
1521
5721
7063
2421
-4280
3021
9621
-59442
1021
1621
1501
3342
77421
54621
621
4720
6821
-30500
4721
-45142
-21321
3066
621
721
-91321
121
-7108
2049
1521
4021
1191
76321
3599
22021
7377
-100
3821
421
-78442
6521
85521
-46821
3031
8721
9671
4721
2121
-100
4827
221
3403
9010
1921
7721
38221
-62600
-72242
6728
-8781
721
-7093
-1046
5175
521
7153
921
921
13121
3453
9094
9621
62121
321
1321
621
-53821
-2713
921
1421
25121
3968
2821
5621
221
48221
421
921
-34942
-61500
-542
5047
7929
-29921
58321
-800
78321
1421
9944
7129
-25600
-942
2121
-98200
4198
-20900
32121
7040
-400
90721
33621
54821
30821
8350
-8949
2443
-20600
1917
-100
3233
5590
-7879
94321
-200
28421
621
1515
-5516
-42721
-6781
621
9695
5506
59621
4621
7996
521
4421
37021
7421
-821
6928
-300
4242
-242
-421
2821
82221
8371
4621
82821
4251
3221
-32621
46221
621
921
9621
6223
6788
-3688
4821
521
-542
-72000
59521
69021
8043
6821
921
80021
421
7221
3521
-6777
3984
4821
56121
2321
6221
9121
-29642
121
-300
4721
-95321
2621
221
-700
-6678
-500
4221
-71121
-321
-57521
-49000
-7240
2121
-7821
-900
-85721
-98442
67921
-442
5509
8521
-28642
39721
35721
121
621
86121
-22000
-8242
321
5021
7821
35821
1321
79421
-25321
14121
7821
521
-30542
3545
-721
6087
221
-500
-10821
5421
3361
221
7688
7322
-8456
-142
5221
3163
-1021
-400
8721
88021
-421
8641
2883
621
6421
4421
7921
45721
-49542
-44442
-8900
12121
18521
7821
1621
82221
-7831
40121
4621
9821
921
9021
821
-721
9721
5101
6973
-4975
-78000
-4923
6751
-6400
821
-61800
69321
3205
-73042
3226
-942
921
421
4121
9021
621
3638
-242
-3874
121
-97921
4707
-11142
-300
8645
5223
2721
8521
-10900
-5138
2623
-642
-27300
6034
35421
40421
83821
3356
4617
9824
59621
3621
1908
-121
-542
9013
-121
4911
821
3058
-100
-921
3011
8521
-83042
-942
7721
221
3621
-4361
121
5021
9610
-67242
721
95321
90421
-92821
-2790
21121
-2701
7841
421
3622
2621
-621
-121
921
6020
7121
-6357
-56621
1121
3614
6782
2565
-1158
-321
5521
5563
-69221
4321
-542
-7717
7483
6821
7221
-221
1221
8738
-82342
-23042
321
-821
-32121
4021
-96121
-67021
2983
3353
-3803
-3642
3021
89821
2480
1321
9021
2521
9930
-821
8221
921
-700
-542
6449
1911
-642
4118
-52300
3621
-67300
6299
-300
121
8819
2525
76621
-28421
-442
8664
1321
28421
-74800
-34600
121
-91642
1321
5220
-76921
-742
-342
-65800
1321
4129
221
-742
-621
3072
6404
61021
-89421
63921
8621
2421
-80600
4221
-21700
-84521
-521
121
-100
4678
3021
-66421
-621
6221
83521
-8034
-6362
821
9713
-500
3521
-300
-200
1154
61021
3021
4621
-12521
2959
-4266
5121
7042
-33542
821
-81142
7321
5721
3801
5944
-9101
521
-12342
9121
4214
4759
-442
9621
-3647
-42421
89221
5721
-2506
-20121
621
521
421
-98042
4921
1621
59021
-242
53821
7421
-742
7282
-68821
5421
7575
5330
80821
6121
121
6221
3921
-721
221
-68521
-5981
221
88921
4951
8121
-642
-9517
7231
421
5521
721
38921
-4042
2521
-621
8021
-421
521
-4742
6584
4827
6041
-72321
5980
121
-55821
40921
-56200
5784
3297
3121
-57721
40321
3639
-3382
321
65821
-6940
8421
7358
-542
25021
-94100
-72200
121
-93821
421
24921
1753
4818
9375
49521
-33942
-421
-300
1321
22121
9415
-42042
121
221
9388
-6821
5821
8101
8421
9811
-142
6443
1621
7821
2121
74421
1721
-8691
4062
-621
-72200
-71400
1968
9321
5280
9892
5431
-7375
7021
6521
52121
-521
-66121
-7834
621
-942
7421
9354
621
4075
-54042
7322
921
-76400
4221
-65842
821
9627
36521
8721
7160
3121
-4124
-47042
5104
3050
3621
1121
421
6121
-600
-842
6321
5447
8686
-37121
-221
21521
4721
-26500
4121
121
5121
4404
-921
-72521
7296
-42142
4671
4292
-2100
7222
3021
5894
4121
-89421
-100
9907
-842
-321
-600
74621
-521
9566
221
2321
-84842
6321
8678
80421
521
1470
-142
721
9587
2443
27521
-642
8121
-300
-17400
8197
-69842
121
-542
6413
6206
6746
-200
3921
26421
-1579
-4311
6621
61821
4621
-321
4369
-96742
3762
-8174
-9159
7521
-88542
-19221
3539
7121
-600
8199
2021
921
-49721
2121
5365
5074
221
-8561
6424
121
8340
-85542
2151
8079
-900
-900
221
4421
-94342
1621
9707
-142
-40821
8721
-70721
4728
9621
1397
7421
4521
-421
-85921
1121
921
8334
-542
-500
-900
8821
6754
-8911
31921
18221
-9032
-442
921
-2927
7473
1362
6840
2021
-91800
-6482
-821
4553
-87100
-400
321
8813
2021
-11400
721
-742
-600
921
-600
-4682
-5304
7373
94821
-542
6721
-942
8657
-400
56121
89821
921
5268
-121
5020
121
85721
-842
-7604
-62600
1167
6721
8780
-58521
-100
6012
4238
9509
4721
-8120
8821
6321
1721
-321
6588
3521
4493
9997
-721
8012
-7494
-72842
9321
921
2621
921
-221
-442
-521
3921
3621
7121
7173
-1112
-700
1233
621
12221
1289
-31342
-800
5230
5058
-35242
6721
-74242
821
921
67221
7114
7821
40321
-25142
-621
-47221
6721
8277
9921
-94942
-400
3621
-142
-3256
-521
4068
-91000
-742
-56342
6421
2321
7012
821
8121
-79800
-31742
8204
7869
22621
-14221
-321
6943
3099
-85842
421
83421
74821
4791
6736
9354
91421
-57000
1067
821
9321
4672
-500
-500
2415
-5486
621
7733
-36300
-742
-4142
-97021
4521
9621
8221
-821
-100
-200
4121
9029
66721
3721
7662
121
-1805
-85121
5769
3321
-6813
7721
-521
9077
9465
621
6605
-800
8821
9016
-4516
2421
-3821
521
-3903
1865
9221
321
7921
3897
4521
-58500
-421
6363
6221
8621
8321
31121
-62742
-42642
-79200
-4723
6495
3835
17021
3457
7721
221
-642
28921
71921
1121
9079
2223
-5921
3421
7721
-44400
5964
-442
7421
2821
6197
27921
72321
7321
-54442
821
-58442
-721
1721
421
9221
6788
-42542
-942
3321
60921
6815
521
-8800
-3608
-17721
23921
5763
-58342
521
221
-90321
821
-742
-8575
1921
4221
3821
6421
421
2121
121
8970
20721
25921
8921
2421
2621
8321
-30542
-74721
-800
3977
-700
-2742
4221
3721
221
-64621
-642
6221
8584
2443
-93521
-721
3121
-242
9121
2455
-72521
5821
-100
9421
1521
-621
-700
8521
-442
921
421
63721
-14321
56721
721
4821
-95700
-100
8921
8152
5021
8021
621
-11700
-121
-8800
-18000
51821
2621
8021
71121
-242
5053
6121
-442
4084
76221
-41342
95621
45721
1621
-29600
7959
6221
2194
8121
7421
-6964
7507
6121
-121
-321
-821
-70242
8631
-98742
3501
8330
-39400
321
6973
37021
3121
-242
-26121
-421
-34321
921
8026
-6613
6021
121
16721
9121
-921
2621
81321
9067
9921
-400
421
4469
73121
5221
721
2142
9036
-18942
9921
121
-69200
6421
31821
-41200
9380
5984
8632
67121
3643
9358
-39442
-942
7421
6721
9542
5158
6621
8921
8264
4053
-200
321
1924
2521
421
17621
16521
9560
721
7821
-78800
1996
7621
6234
421
121
-97642
8221
64621
-921
2121
-142
-921
-92442
9421
2524
7926
5221
6921
621
-5086
-5442
921
-72242
-38000
4348
9821
5931
4288
4021
57321
5721
-821
-621
-93500
-4707
8121
-2100
8921
-92342
-400
-142
3923
621
30021
4741
-600
-200
5847
6874
2621
-89321
6721
-342
6063
3417
8821
7021
-500
5766
521
7280
-842
-54942
22621
6276
6421
-8621
-221
1674
-66800
-3557
7096
-70000
5922
90421
4362
67421
-242
-16742
55821
1221
821
521
9798
8876
-600
-96421
4021
321
-84421
4921
-72421
8429
3021
-700
-221
5866
9221
4298
321
2994
5113
-400
4521
1581
9194
27321
2521
6221
-3929
2964
1721
99521
1801
24721
35621
8821
50021
9169
-87942
1621
621
-30521
7536
9621
9721
-68200
-8067
2558
921
-97142
8221
4506
3821
8259
5221
61421
821
8514
-6991
8721
65921
-60021
2805
28521
-66342
7911
6321
-4702
121
5612
-442
6453
-6122
-42342
-26100
7999
-900
-321
-81421
-38900
3221
921
3420
3375
3021
3121
7980
3480
8506
65421
9775
7964
-2802
4021
11121
51321
9521
1721
6239
321
8088
-821
921
-20642
1913
-621
-55242
-7664
-74542
4921
-46442
9455
-14400
-9416
621
1898
-8451
9665
6921
5421
1102
-521
9921
-442
-742
-742
-19821
-842
-3667
69221
7725
-53000
-58442
3721
4421
2749
-2321
7721
4288
4418
74421
44721
7521
921
59921
3734
-33321
3621
58821
47521
3921
9221
-521
721
2121
1721
-142
2821
-9800
4621
31621
55721
7704
-900
1153
76221
-942
-200
3869
-521
2724
-59721
43921
5808
5388
24121
321
-53200
1939
61221
2457
5680
821
6873
-321
7391
4721
621
8932
921
-10621
-9110
-342
3762
3521
52021
4621
421
2468
8698
-200
-7342
7948
5421
621
-400
7321
3421
821
-22921
-26942
-621
-76521
-900
4621
2973
-7229
-34142
1152
4521
-121
-20442
7858
921
9611
321
4201
1421
-521
521
-82142
60221
-721
821
-2500
-72200
32121
1421
9168
9621
-442
121
7021
-242
-57442
3121
3667
68721
-64321
3121
921
-3636
7421
-821
-9421
6021
-47642
14821
-600
3983
-242
8321
-300
321
1840
-200
43721
4716
-38642
1237
-17800
7587
6272
2484
7221
-642
-44300
-79500
-321
9968
41921
2421
2888
7648
7042
8721
8237
-68321
-942
9221
3647
21621
40821
-121
-421
-700
-400
9908
5021
5421
721
621
-421
5611
9846
-421
3821
-121
8822
3914
-51142
7816
-721
47321
7921
821
-5211
4021
821
7441
-300
9628
-200
1821
421
3854
8721
-521
-700
7400
1052
28921
-800
-321
3728
50521
721
2021
8721
-200
52221
2321
3198
-93721
1564
5502
1521
721
421
-721
5599
5921
-921
121
4883
421
-75342
-421
80521
1035
-942
9462
5004
4499
221
-17800
121
-64521
3532
-921
2721
-89521
721
9321
-36342
4143
-121
73921
9821
9027
34121
-321
8221
37221
7918
921
-542
6154
5021
5921
6252
-2100
4521
48521
93721
5521
1857
7921
95621
-32521
4940
-821
7041
2986
29921
53221
621
8021
1668
3545
-72600
-39442
-800
321
-300
5030
9321
2421
9621
8192
5321
-55142
5921
-54800
121
-400
9781
3021
5626
-15242
-621
-6109
-921
38121
-47442
-721
-53642
5621
2821
-300
36321
-77342
-121
-55021
7421
4321
-15400
9664
8921
-98142
-521
-700
4835
-56421
221
13721
3221
3221
7021
-842
7553
-4742
3321
-5500
96621
-26300
-4114
1645
3095
-55800
21921
4021
7772
7701
-7788
6279
821
2416
721
7121
-5093
-70142
8674
9998
6121
9421
9421
421
221
7625
-221
-400
-742
9421
1421
-442
-45221
-21200
5221
-621
-221
4221
4772
-842
-37542
-221
-75500
2363
54821
7736
621
16621
3121
5321
121
11621
9321
-40521
1915
9221
2730
8121
821
-400
-82521
-47421
-75442
-88042
3821
13221
79921
-100
61321
8538
77021
8847
-4458
5721
721
-6004
-64000
6821
6350
-200
6641
6721
321
-79642
7221
4512
81221
6535
-7721
4721
521
6976
-400
6921
-900
2221
721
-95200
2521
7521
-34600
2184
7021
-1436
-542
521
-621
-6530
2172
2507
38421
6337
8121
-142
-421
82621
8721
4321
61621
621
6021
-442
5321
98021
3438
2154
-13942
621
3234
-742
29521
10821
521
89521
83821
50621
1621
-142
521
5421
8866
2821
-6230
5121
2321
-4209
2821
-29042
-121
8409
6246
8951
2470
-521
3221
-421
-6333
35521
-421
3121
4821
621
6328
8302
-77921
7021
4121
2321
621
9103
59521
7821
-3436
8321
-17800
-57900
38121
6521
2958
-2708
4244
1473
721
5233
1021
-242
-76700
9531
6276
-242
-87942
2105
2821
5147
-37242
721
30221
8607
-700
2714
321
-71521
-90042
4621
9857
-81221
74521
9127
-9621
5321
-742
-4251
121
1521
5626
3942
5121
521
3763
8186
2221
-1698
7405
121
-63621
-200
-900
4227
-242
-4649
8221
6523
-4009
321
-800
1471
-35800
6721
-39821
7121
1421
-721
5152
221
1221
32721
-342
34521
-621
35421
-35742
-37121
6184
3518
42221
7945
7794
1519
6821
4735
1576
-62221
-821
121
-92942
2021
9021
3542
421
4158
6021
2621
-41100
-6921
-67442
3621
-742
1421
34621
-8813
-92100
-84000
-321
9469
8321
3206
69421
2679
421
-85800
5321
3721
-12342
-542
8821
2413
7921
-1618
6410
6502
721
-47142
-142
821
-142
7424
9421
-9855
-86142
1146
2821
62421
-321
4289
1121
22121
4195
321
7021
8716
7629
-42642
1324
7121
-8182
1305
621
80121
3998
48421
2285
1021
9221
6001
5735
8308
61221
5536
7208
78421
-7782
3339
-942
4104
3421
-500
-242
39821
821
-421
3184
621
5051
7168
621
7684
821
5521
-100
5218
421
-221
9521
5121
2179
-97842
61721
6743
9121
1385
3605
-35000
5445
-42700
-64121
8721
8821
8821
5237
8121
4821
6442
-36821
65921
-921
58621
-66321
3625
5576
-800
-321
-142
8131
1856
3875
45821
7721
3349
4391
4699
-621
1521
7633
-600
6011
-142
6221
7021
-52000
58621
2921
5772
9087
4105
-142
3321
2421
321
-68542
-71900
-21600
5621
3274
8612
-242
59221
6521
9921
-90042
-17800
-121
821
-300
821
-58000
1014
-100
58221
7935
9321
3721
721
7504
521
80721
8321
-800
921
-800
5321
42021
1693
53121
-421
5144
93521
321
34521
31021
9321
7575
-642
1021
1221
4721
3228
3953
5821
4099
521
-97621
7421
321
-46921
-77042
6521
2221
8861
7921
6821
-82842
-821
-19100
-29400
9585
-8721
7531
9170
821
-23421
1121
2621
-142
-600
36221
1721
1221
54321
3861
8121
721
1933
3235
721
-200
-40900
-3870
-642
7021
2321
-61942
-921
-50221
-91342
4409
89821
-221
9821
5921
76221
-8742
5987
7321
-10600
8678
51521
-76400
1021
-52442
2121
9021
321
1421
9021
-73100
-51921
4349
1421
83421
-89800
-621
-1300
24421
-2200
2739
7106
6121
-200
75921
99921
3444
-3506
3321
721
621
1882
9021
3521
-1313
3221
2221
-44242
86021
-642
6121
7435
421
3021
721
921
66221
-77121
4921
8321
-8342
5921
-8684
94121
-721
37421
2639
-642
4121
-1321
-49142
-5374
4353
5021
421
721
121
2021
-76200
-200
6801
-30421
-242
2863
-942
-1831
-742
3821
-27021
1021
1121
-800
-32600
-9710
-95221
8436
7186
-19200
9521
2244
-4456
821
-500
521
4321
-500
-1608
8345
8221
-6752
4021
52621
6021
8794
7221
2721
90721
70121
3021
-500
7319
-6881
-85342
6821
2452
9880
-10842
30721
81021
5821
521
8721
8721
2069
-73500
81221
-9769
-29142
-90100
2694
-300
-121
521
6000
43321
-742
9509
6321
-721
2921
32821
4640
7723
21721
-1725
-721
4721
-100
621
221
921
-57000
7033
721
-51021
9117
97921
8121
63721
9483
1964
-76521
4321
7921
-821
-942
6902
-300
4236
3821
82221
2266
34321
6618
3221
921
-821
3065
-19121
8921
6766
4245
6896
-1644
72021
4821
-34442
-54400
41621
4148
-7642
1121
7720
8521
-100
8921
-6100
2095
3921
-800
8258
2521
-91542
-3302
3097
9621
6651
87621
2621
8836
2142
-86942
421
5834
8321
6512
-700
43321
58521
-642
-542
9421
7646
9721
9221
-4981
721
-600
-821
8621
-9721
5421
8486
20921
-242
3821
621
-521
68521
3921
6929
3923
-5173
3721
-1947
2161
50521
-4456
9200
68621
421
9521
221
-700
5121
3221
-1918
6354
-400
-55942
-94500
6021
5921
-721
-642
-2103
-800
6221
18621
-29321
-51600
70521
-37842
-221
6315
121
7065
2333
-242
8430
4221
2421
-1914
-36542
7090
921
-442
-11400
2621
-7130
6921
-25842
821
7897
5965
8956
9804
63621
1721
9821
57921
-31500
821
3021
221
6322
1321
2921
9942
8721
5008
2131
71021
-99342
621
3221
-64842
5901
-542
-96600
74221
9473
7421
5369
6745
1921
-80100
86221
-3449
1944
-90200
-842
-25200
5521
821
9651
86021
4821
-19742
51021
7512
4016
221
-82442
2721
-42442
-142
921
1255
521
3707
1748
-17221
14621
721
-921
9003
10521
5811
24421
7521
93221
221
2121
6142
1753
-921
39521
5721
-942
-80321
421
-5021
-500
221
-2841
-78600
-90521
8373
-1757
121
7666
3113
7021
-100
8204
9221
-842
5501
7893
-400
7921
-9255
-700
3421
8358
1253
-33442
2612
921
-742
3163
7421
-69321
721
91921
5621
8271
3221
-3221
-421
14221
47721
3990
-300
7621
7921
7750
7458
-142
-821
4903
72121
5628
49621
3321
-842
6737
-442
721
3921
8564
-600
-6476
-100
9121
3006
321
621
-27900
-500
7378
8221
2388
2589
6348
-38442
3521
3221
6691
-842
5621
-54300
3088
7859
8221
-142
-94721
5114
-600
-142
5521
-13821
-30921
-921
-500
9921
-43321
721
-68100
8845
-25800
-442
-1042
7968
7192
84621
-14942
-442
-9800
-621
-5421
-82842
-22321
2421
-82500
27221
1521
7521
43021
8621
-85400
-14921
7921
-6452
-421
-85700
5676
3621
-100
6921
-3209
9103
1955
-99800
6882
42821
521
221
-900
9102
821
9333
9521
-11842
-89442
7091
3821
-421
52021
621
2990
2255
2598
6446
1421
9334
9686
70821
6157
38921
8121
8460
321
8655
5321
-721
-94400
-921
81921
2756
-36242
221
1081
7721
-142
8121
2389
321
6821
-74000
821
4021
-721
7121
5521
45321
-79300
821
4454
3596
1621
2021
94821
9421
-14242
2015
9396
-100
121
5721
-28700
8058
3108
7770
3026
-96142
921
6891
-800
-742
3350
321
321
8373
7121
4474
9621
6977
6163
621
8521
4221
-600
5321
921
6421
-3829
-542
85721
11421
-3721
321
821
-3775
-7307
-13200
-5702
7421
2121
3958
8440
6321
7755
2024
5521
-77442
11221
7648
9521
3408
-93821
7921
8790
3921
521
421
9374
321
321
221
5770
9521
3521
621
-821
23321
821
87321
-842
7621
-93100
2121
24121
121
-29300
-921
-33442
9289
4876
821
-91642
9521
3366
-600
-6965
2795
-1642
-7800
-621
7027
9021
-221
-26842
23221
1941
6101
-56500
5121
2821
3021
5594
-200
121
5205
9178
-62342
421
-421
-2864
-821
-7496
4821
-242
4421
-521
2321
321
7221
2021
2822
6077
-621
1821
6459
37621
2921
521
-421
13521
2521
-1513
-942
-64900
-2640
-44242
98221
1921
5621
2535
5300
5679
-29200
-22121
80021
2121
-80300
3121
-21142
3234
-35300
-60421
45821
3127
-142
-800
14021
4687
7121
-500
7121
-50721
521
3321
5026
9689
-9527
5321
9421
5454
6468
5513
-721
-221
-97000
3421
50921
-642
9421
4707
321
4121
-43121
-35842
57721
921
1321
13021
5921
-921
-64442
5834
221
121
9921
5910
-26321
521
16721
2021
7105
421
4221
721
-29800
-7474
88321
221
-242
4258
84621
12021
-36200
-35221
-800
9521
-521
7621
1021
-700
-48721
5409
2643
2821
7615
-98842
7021
-200
4421
6221
47421
-742
6851
-2656
3554
-221
2931
5921
121
-90821
-13900
66221
-121
4495
6321
-642
2749
-342
46421
8921
1956
421
7052
2826
-90300
7421
-542
921
-942
4521
9360
921
-12600
2721
80321
521
-442
5253
1490
2735
-16600
5521
4421
75321
3921
61021
-76521
6021
4812
521
-200
1598
4721
8977
35321
6195
8121
9741
9523
4241
3482
6921
8722
9964
-66700
-400
-74021
6821
3221
-70300
1980
721
2640
8342
37221
4721
321
2821
6094
-800
8206
17621
98921
8921
-321
9422
-1421
3216
-99421
4921
4421
4780
-1641
8375
-68800
9936
65221
3221
521
-800
9891
-721
-46042
9158
-9900
64321
421
5664
921
6870
621
5782
1621
-40842
3821
16921
321
36821
-442
221
5721
-70521
3586
9858
83921
-542
6821
-79942
69521
721
9321
9321
1970
121
3577
3150
3776
421
-80642
721
-542
5713
-321
621
8021
-22942
5494
-6815
-100
7971
4621
1621
721
-521
8089
-421
8321
-8513
7604
-700
3647
-742
2621
29821
35821
1145
9221
-842
-7277
-64242
-30300
5111
4521
1340
92121
7140
6621
-400
-142
3513
-73921
-64000
6321
-9042
42021
-25521
2921
-4021
4808
-93021
-342
-942
-1923
9072
1121
4679
66521
-52921
621
-13400
-321
-600
-9523
1549
9283
8221
8021
82821
221
-642
1380
5321
921
5421
9221
2921
-23742
9974
4427
1485
4815
-421
-642
3921
2821
521
-8083
421
9921
821
-521
7380
2684
-921
48221
3721
4821
721
3221
821
-58142
-45942
7821
3143
221
-35121
9707
-200
65921
7594
-8883
-4613
421
8221
-921
2021
9835
-321
5900
521
-321
-121
7043
8261
7121
2232
-81900
1899
221
121
3521
-64400
7143
7012
721
6408
-221
4441
-721
-15921
2728
1945
-9442
-29921
8321
2703
5321
9821
6223
921
74121
9286
-700
3621
-321
-23742
4829
3068
2038
-300
221
3050
-6546
621
5321
4021
4021
321
7805
4136
721
6621
-121
-93800
-59021
9321
4221
99421
5178
821
-400
621
9469
5121
5024
6596
1321
2705
2621
1514
8721
-70142
-200
-70642
9621
8921
-54121
-121
41321
-421
9542
4421
8804
68421
9578
-17442
-71942
-86300
-44142
-4979
98721
321
-542
8428
-900
-99221
7568
49421
821
-621
4821
4886
-800
121
7948
-77842
-400
9524
9155
7421
3858
6067
5237
-20300
-621
-87442
-800
6099
7121
6166
-900
-36600
3511
7902
6221
3721
3255
24621
70521
721
2321
2421
-51421
-44121
-800
44321
34821
9721
3369
2227
8921
-16042
2321
9721
6722
-642
7185
-60000
7521
9492
-800
-942
7500
-4426
5921
3053
-19100
-600
621
9137
3629
-300
9398
-521
-10321
3656
52821
8560
-72700
3160
-600
121
3885
3636
6621
-89600
6747
9961
2123
9021
3511
8324
721
41921
-542
2832
9567
321
121
4591
-88942
621
-221
4051
-63621
-8047
9771
5921
1521
7321
16821
-90921
821
2221
2772
2021
9470
5121
-91221
-60421
6000
8921
5857
7921
421
8240
-342
321
-23321
2393
4421
9577
5721
92121
-13842
-59400
4453
89621
-442
82121
121
6910
-81721
1821
-800
-68221
-5889
-74642
-442
9923
9150
7624
2187
3236
-83721
6621
-3921
4913
-7370
-600
8372
9221
4070
-300
2165
5521
5816
-6298
-942
521
27621
1778
-87100
9858
8921
91321
921
5856
8021
221
-7599
-9834
-17242
-3012
-35321
3067
8567
-1869
2179
921
821
1375
6321
-75042
6183
-43242
-4031
3736
8846
4177
-85042
9221
1834
6930
2721
721
-4783
5921
2021
521
73621
-621
-97400
3121
1355
-621
5773
1837
6182
-77642
-4684
421
6421
5821
5125
3765
-11042
2397
9321
7542
7171
-642
521
52921
-600
6121
-100
621
-45321
421
8021
-542
-321
9221
2193
3821
-5993
-642
-62121
-121
9027
6021
7088
25921
-12042
-9744
-71642
1331
9544
-48000
6003
78021
-87000
-2782
-542
4021
-342
821
1521
2388
921
1421
1032
-742
-542
81021
5622
1637
-96221
-942
-621
10021
-39842
-7406
12221
-24042
9465
-842
9490
-41421
6721
4231
4995
2500
6937
321
-3221
-81021
-5283
-1268
8921
3121
5121
57921
-821
7219
1008
-18542
-22542
9321
69021
-63921
7421
-9604
2921
6021
5121
-742
84721
3076
321
-40721
-65521
66621
-78621
-842
821
1829
-800
30921
3250
1521
8721
-321
-600
-642
65221
7751
-14342
-821
8821
-242
821
4421
-46542
3445
2838
7921
-6629
-242
-9030
6582
6921
-8321
4421
6857
-321
-142
64021
-242
8016
8521
41721
8081
-65442
721
3939
2131
8621
921
8267
621
321
9521
-821
-2333
1621
8750
3921
421
7699
-66542
32221
721
1621
4521
5932
8721
2696
7716
29321
-77042
-83342
7821
7263
-721
-71421
5677
-621
-93742
53421
1621
9821
6931
3835
1889
16321
-92542
8590
7218
6021
5021
-942
65221
-28721
-14821
221
75121
4321
-83921
1721
1221
82121
1004
90821
921
4621
421
-80100
-5008
8721
-76642
4421
-200
21021
33221
-6444
221
5984
-521
2621
9906
8721
-700
-56221
721
3082
7821
3124
-442
-121
-800
5143
-442
721
221
2621
2673
9236
6191
6036
221
7121
-2454
-300
6421
-88100
9455
-921
2346
-5191
9187
26021
-621
1955
7732
221
7941
921
-521
3021
7001
821
2744
421
5066
-342
-621
7249
1947
8436
9921
4123
2718
-3193
1923
-921
-98721
6521
-30021
69221
6604
821
4421
5285
3721
2734
1211
9821
6221
-19521
-621
4841
-1535
78321
28421
1167
8788
5221
-85142
95021
9421
5021
9321
6709
-92542
-521
6621
721
-49021
221
8921
-67200
7800
-35721
-6361
921
9313
-221
-44742
-37300
-97142
-721
-542
26821
-142
-2236
8829
1821
3321
-39521
121
921
5385
7621
-421
39421
15721
-53742
25421
9621
8298
35721
3021
821
-500
6925
73921
5321
821
-6241
9917
221
30721
4421
3221
421
20821
7221
-36900
3827
121
4556
-821
821
9557
-12121
-921
621
1321
5484
1925
1706
-621
-8442
-81400
-542
-400
2849
-342
5321
921
21221
7940
-221
9585
-121
-721
-921
5169
-95300
-7869
8125
6257
5421
621
6659
8821
-99421
6563
-46921
-11021
1517
621
-300
-2932
2676
-88400
8617
-900
-921
-10100
50421
7732
-842
321
-11921
-600
-65421
-2642
5532
2321
24621
51521
-821
-61421
-25600
-800
6156
36721
-442
5321
8638
-600
4221
62921
5521
4021
721
-142
1054
99621
-800
521
-98721
7621
-48621
8921
-95321
33121
-5933
1455
-142
7531
-542
-86021
7358
-2142
5121
14521
221
-900
-84521
-900
-2932
32221
521
-121
-121
7504
9821
4621
4921
7821
-69342
3828
-9482
9887
621
-242
421
79621
98021
-73200
4521
4040
3821
4841
521
721
2628
4800
-73121
1121
95621
4021
421
-542
521
9621
-400
4709
2867
9721
53321
7321
821
-75342
4118
-55600
8521
-24442
9575
8321
7095
721
321
-57042
7621
32121
6114
44321
3927
-30821
7721
72721
3021
94521
7621
-621
-4015
1901
921
4122
2621
321
7085
-542
-1965
6021
-39400
63221
-88142
-98921
-11842
-500
9448
43921
2921
-38200
-69221
821
-52742
-78042
-400
9275
-521
4621
-400
8121
-942
-400
-70942
54521
-22600
5864
-98342
-1839
-600
-300
1721
3086
-800
1121
521
7658
-45121
2121
721
-86421
4887
1138
-3000
-61942
2821
-20700
60121
-321
79521
-37700
2089
421
921
1421
921
3120
2382
6821
-64721
6328
6070
721
721
-6905
9280
6479
-97500
3021
2516
2221
-600
-50800
221
9521
4916
55121
77321
-5132
3521
44021
3230
-700
7535
4121
8310
10021
-22142
58421
7785
-62121
-942
4421
3519
4514
-921
-921
6001
4121
4272
-4986
3921
-12321
7521
2421
16821
87721
-321
7521
50821
-4071
-86521
9121
7921
421
-500
1594
9462
321
4721
6721
7317
-67942
721
521
-95400
7728
-442
-11221
4521
5093
-400
1249
3238
1020
-33542
4821
-3497
-300
7865
-2038
10821
121
1021
8184
621
-3363
8221
6893
1321
5414
-51042
2572
1541
-21121
3615
18321
4221
4065
5859
73921
6291
-842
-52100
-400
4421
3835
7563
9284
921
1421
8291
10721
-37821
-900
9321
2323
7150
-900
7957
5921
1151
5721
-342
2175
-56500
121
-700
4921
4521
4621
6691
-800
9674
-21942
321
-87100
-7106
5747
-921
4552
4626
7108
99121
-642
-321
4332
9338
5770
-400
-85721
-521
-41421
-49521
-821
-66821
7821
7035
-8577
-421
-1400
1000
-821
621
-600
8018
-900
7407
4842
-51442
-342
721
-321
87821
-742
-5205
721
-821
79021
4121
-53442
1721
5721
4238
5641
6521
9253
4621
9130
7221
1821
-742
2772
-5903
-142
9233
121
6895
4159
9729
-15400
-8417
7621
-842
-13742
-56842
6196
-32100
-400
6721
-4993
-621
5479
-421
8637
9921
8321
66421
39721
1621
2321
8680
3421
-47742
72521
-42221
721
-87142
6221
1321
-69921
1653
-1318
6312
8421
-41300
9335
3621
7121
-85121
-200
-69842
3721
4821
221
-942
721
221
4526
-6921
7221
39021
3373
121
6921
4021
-442
-521
4021
-621
2721
-200
7321
321
8921
7421
-700
8739
-221
421
-721
821
-142
3121
5617
78021
2636
9302
-642
321
-600
-121
-921
-9609
-321
-37800
9721
621
-4572
8107
68621
-942
5212
4617
7321
2721
3672
-9945
7065
8044
8446
1821
9495
48821
-842
2670
5821
68321
9172
8521
-400
6457
-9318
5748
6421
-400
121
7788
3721
9392
821
121
1072
1221
-68600
-9979
2150
521
-842
-942
-60121
2504
-721
4779
-97142
1621
-71321
521
4321
-95121
6402
39021
-900
-16200
221
-28521
-700
5923
221
3421
521
3221
-3969
9820
2721
8521
-95221
6203
-69721
12221
-121
4168
2221
521
3121
6121
3721
17021
-3100
3074
-821
-5183
-721
9521
2721
421
9821
5921
6221
-11000
2021
9145
-221
-642
-421
-85342
-18521
-39600
9921
-2700
9218
4421
-642
84121
521
17821
-442
2421
721
-500
3625
3269
-7651
3536
3821
-700
3810
-66300
5621
721
5236
221
421
7521
-921
-221
3721
6164
721
8205
621
921
1221
9906
8230
6721
24221
90421
4546
7758
-642
56521
8827
-721
5021
-26100
321
-33521
6415
4321
6121
9021
-8962
-96121
7921
9701
3382
521
4612
8021
-800
33921
821
54421
1621
9956
2821
-4295
65421
52721
-500
-542
34521
-921
2221
521
6421
7621
221
1404
-24700
-27321
-200
921
8521
-142
3721
-78421
7321
5890
-1726
13821
921
5019
6477
1921
6821
86321
4121
-742
23121
-5669
-200
2305
37421
-92842
7875
-921
-88700
1290
-42621
9921
1815
3933
-57600
7021
7476
2521
58321
721
4161
8602
98921
-2436
2968
-6908
7514
1921
921
321
7951
-45300
6990
3321
1521
4121
-142
21721
1621
2813
7721
-8921
-942
-81542
4321
1986
3362
52821
66321
-92300
8428
3182
5081
621
4421
4824
-40542
-6242
6521
56021
1921
-9408
8221
5121
8121
3621
93521
8721
-7228
3421
47821
4521
1347
37221
-542
6821
-93000
921
-64200
9421
7934
-27100
43421
921
22421
3906
-842
1021
4559
8105
1533
4680
-400
2819
3121
2221
7621
-58321
7933
2385
7875
521
2621
-721
5121
521
-97100
-442
-221
-6619
14021
-542
-700
-7055
49921
-142
521
8321
-500
-921
3121
5929
5070
4421
6365
9621
6121
69421
4833
9021
-7923
-70421
-242
-821
61621
-81300
-442
-42421
-9486
8321
-17642
7780
221
-221
6621
-71042
-421
-321
-15021
-89642
26821
7366
2407
47321
1409
721
-74600
4255
-43000
-94600
-81142
3521
5521
-400
9021
4021
-14921
9248
-9300
6621
2761
-81221
-85500
6921
-100
-85821
8221
3121
2515
821
121
6821
1649
-900
-321
77021
1456
-500
-321
-921
5421
-71500
-8144
-1684
17021
4921
821
5021
-421
-52000
9
60721
-44600
321
521
5521
1721
-900
-83200
821
7321
39921
6276
2521
4721
4321
8921
69121
-48400
321
79521
6221
29221
76621
-521
121
9285
-500
2821
1921
-221
44921
-7570
4727
2414
9135
-75121
2021
321
-3200
221
621
9633
-29521
-700
-842
94221
-24921
8021
-200
4088
1419
8541
7962
54521
521
9821
-5639
3717
9821
2021
3715
-900
621
-700
-242
5321
321
-300
9821
-15621
621
8021
5088
-300
3230
-31700
-72242
4077
221
8419
921
121
1328
5423
821
-55721
-13042
7226
33021
-1821
9396
7307
1288
9267
-62100
821
6661
-442
59421
4898
9421
7921
53121
-242
-45600
1221
3340
9121
5117
-900
-96642
9721
6297
-842
2921
-96800
521
721
54621
-921
721
-442
-821
-60742
121
-27121
7294
-942
9821
4849
8421
421
2260
-842
4661
77921
3513
5521
-300
-321
3221
-69300
6151
-18142
-53800
9721
-3421
-642
-721
5814
1687
-8111
7449
3795
9980
8721
20721
3121
-900
7254
9006
-54800
-942
-82200
3258
-742
24621
-4543
4221
93221
52121
3321
621
-700
8721
8132
721
5722
23421
3221
-621
621
-69221
7968
221
2621
-56421
421
5121
-96821
9621
9973
3591
221
-21142
-600
-142
5321
97921
9021
-600
9717
8674
4921
-91042
-742
2234
7421
-60821
-5018
1021
121
-6028
6521
6521
3777
8375
31221
5705
2723
5021
6507
16021
2521
-10742
6014
93221
-7926
5221
23721
7321
-342
4691
-8800
7021
-50200
7781
-421
-842
8349
-521
8221
23921
3437
3621
7954
-2113
-242
9287
98621
2429
34621
-700
-27400
821
2322
6176
-6887
4821
2121
-64442
4336
-79100
8121
621
721
321
-6285
921
121
87421
-14900
-89400
2961
-2142
5621
-62400
8531
7542
6245
-27842
-621
1821
7921
121
67521
421
-2858
2121
8524
5821
321
11121
4463
-42700
5437
-24621
11521
8421
8093
9766
88521
-800
3573
-921
4097
-71842
78021
3121
85321
-43521
521
9521
-1542
1983
27921
-921
64221
-7536
4221
6221
421
-400
521
3521
58921
4724
6314
58021
30021
421
-721
121
3788
-4600
521
-542
-142
-821
-59100
-321
-221
35021
6621
8658
5521
51121
-8742
17321
-421
-94921
4113
9947
-6318
-221
-300
4621
621
-142
11621
-9296
-5293
57221
6661
1921
-8249
221
3921
921
521
14721
2736
36621
9121
-68742
6886
9321
-97942
-500
121
9721
9920
30821
921
1056
-96600
1465
-23800
-7357
7421
-800
821
-400
-99000
-37042
2647
-342
-100
-74342
59221
-4450
-94300
5221
-59121
-942
9895
-51500
2821
421
8721
1721
9458
19121
5821
7853
5221
5121
6485
-52442
-21921
6988
-5158
5223
3824
-4042
8021
121
-642
17221
-15942
7181
1775
-5447
-1521
7021
1821
2021
2076
-121
2521
3857
1634
4942
8221
-73300
7863
-61542
-721
-221
-442
5337
-21600
5775
-99400
-26100
4233
7818
4818
-15221
-29821
47821
821
25221
621
4755
3812
-1610
8421
9121
1265
7221
2562
69821
-342
7398
6870
821
-16242
8363
6021
4321
6221
48321
8721
1821
-842
2921
1321
6551
88621
73521
-600
5445
1121
-842
2221
-800
1221
9821
91321
2494
-11100
-500
70521
-62700
9521
421
321
5921
-121
-700
6321
5221
-6908
821
2821
1678
-842
1637
5720
-442
5392
8919
-300
-721
-71421
-9231
5079
2650
48821
-300
1921
53621
4121
8121
-9131
-542
4085
25621
-74542
5330
521
-300
4021
3183
9821
-47400
-800
59221
-7806
-3909
2521
-28700
-3078
-34242
-90742
8521
1441
1821
321
96421
60421
4604
-7543
-23642
6631
4093
8321
62721
8262
1617
7900
8921
2621
2221
-63100
-7400
-621
9793
2621
78321
4421
7521
67621
8421
821
9698
-95000
72321
9221
121
4077
-90600
-200
321
6134
9821
-942
6038
-8240
19821
-142
-842
1087
-521
3921
6341
5233
-500
82121
2193
4660
-842
62921
5316
2221
9025
9500
5721
5119
-45500
-75621
821
1021
6116
1271
5121
621
6932
59821
5619
-56221
-100
-9902
621
2621
2321
-57842
9129
221
7161
2374
-3787
2872
-71221
4025
2221
2571
-942
821
8350
2421
45421
3621
-96600
521
5121
96921
8507
-76521
1178
-221
6773
8067
-342
-300
2863
1921
821
421
-342
-19442
-21742
2862
6621
-421
-46100
2821
6121
9946
4564
-95842
1521
321
6721
-9752
921
8521
39621
-53300
-142
-121
521
121
-921
-4621
6921
-121
6821
721
3821
7621
-40800
-88321
-7900
121
-6010
-7463
5234
10621
6562
-500
5821
-7314
89621
5621
321
8121
-542
9446
921
5721
-9345
3344
-942
70021
521
8102
-19842
3651
4321
3021
8099
1344
-59442
8437
2609
-20321
-642
8421
1421
7221
4795
9608
78321
-800
721
6621
221
3512
6421
6421
-721
-49700
-33442
7021
69621
4876
5027
-14121
7145
9273
5653
-91921
-242
-30821
-8373
1486
70821
6621
-142
-18242
-89842
-221
421
-542
5087
-6822
8782
2421
6521
-46742
-421
-200
8024
-300
43821
7221
3521
-37300
3478
-642
2414
5132
5691
-200
8321
-621
5809
7021
1043
2221
74721
421
6021
82021
4621
-26942
-4906
2021
9021
5179
3921
80121
4791
721
121
16421
6921
9721
5121
7520
7221
7273
-542
1290
5721
1961
-142
-400
-75721
1021
8641
5621
-69842
421
8721
-700
8011
4498
87221
4783
-26842
321
-12321
-521
921
7281
2163
-29342
6387
1867
-46600
25521
8913
-63742
4039
4542
7794
-73221
-121
-47200
1821
5221
2328
-100
77221
8821
-7957
6921
6341
9390
6680
-33521
51921
-300
27321
7321
3621
8966
221
51821
-842
9021
-86700
7121
721
5821
521
421
4321
-700
83121
49121
35821
3884
3721
7256
9321
8053
-27000
-442
4321
4429
-8052
-121
-22100
-82421
9835
8021
2321
3821
6821
1121
-242
-56121
521
-142
-142
1821
321
34521
5613
8011
4865
-77921
12121
16721
-5717
2421
4754
3221
9121
-87242
8421
4312
1805
76421
2436
1872
9534
1259
4321
6467
-2621
2821
89421
3321
321
9483
7091
40221
5551
421
6726
3741
91121
9921
-11621
-59600
-38600
8533
9435
9221
321
-742
4971
7457
-5813
221
84021
-642
521
6652
-60942
4975
1221
3297
7631
-942
-10000
-700
6816
6821
5339
33921
621
521
-121
3021
3847
7721