35625 35738
18061 18164
3720 3789
11550 11622
1841 1916
29286 29400
7560 7729
23529 23682
29647 29732
19868 20005
254 401
19868 20018
11403 11494
34827 34935
30928 31025
6744 6889
3194 3303
7990 8157
38216 38332
9732 9830
29679 29819
35701 35796
19878 20055
33534 33599
4674 4812
13517 13659
8440 8575
23095 23248
5018 5167
18296 18473
30857 31010
10096 10217
6482 6592
31927 32062
19035 19140
5668 5799
30208 30366
12688 12841
9062 9220
35612 35709
25736 25817
37196 37361
8862 8976
33356 33423
25001 25087
8370 8452
15840 15907
17368 17487
22755 22824
19721 19797
37795 37867
8139 8206
16121 16195
33705 33881
25412 25547
30338 30403
17155 17218
39986 40095
27362 27441
7878 8045
24178 24307
17410 17487
23169 23240
34722 34856
38174 38268
34900 35010
20485 20661
5361 5455
198 268
38176 38248
2069 2159
1378 1522
30510 30679
20121 20278
18643 18743
29098 29268
35656 35768
17739 17871
8792 8923
31926 32102
3370 3543
39049 39147
12400 12490
36871 36942
23143 23216
37789 37939
5184 5264
20690 20839
31913 32087
35446 35542
31985 32150
33606 33768
32053 32159
13233 13385
2434 2503
32283 32457
14247 14368
31439 31528
10790 10962
473 626
31714 31846
18714 18798
10159 10263
36895 36960
36091 36215
26412 26551
518 637
1947 2050
3352 3493
35542 35673
21912 22004
11215 11281
9879 10051
2197 2344
785 943
9562 9707
26773 26862
37907 38082
6562 6713
13807 13956
16384 16464
39807 39985
11853 11921
32526 32605
9992 10139
35482 35563
30494 30642
29189 29313
12676 12748
2792 2962
29418 29480
30946 31035
10805 10936
25663 25777
12296 12360
20194 20259
24520 24675
7228 7308
28998 29169
30567 30650
24913 25079
22916 23088
13865 13961
37655 37720
37565 37659
12084 12159
4526 4588
34960 35136
6433 6612
14588 14710
37605 37773
14832 14942
31165 31283
19762 19920
5141 5302
6563 6683
31949 32098
16206 16337
37767 37842
4435 4519
32291 32380
13305 13384
38551 38711
28959 29062
17343 17448
1288 1409
4351 4507
32073 32153
14011 14190
27867 27974
23767 23915
5637 5801
1714 1781
21314 21403
14101 14171
3666 3749
30048 30202
24813 24915
30745 30840
19434 19494
6290 6419
37994 38161
22676 22846
14394 14455
38479 38588
10792 10886
677 753
11859 11961
10535 10638
12815 12903
25632 25746
9171 9238
22712 22779
2978 3126
33752 33822
15221 15302
8275 8415
22168 22343
33520 33685
14736 14879
13365 13514
5997 6126
25151 25322
17155 17332
23828 23941
18061 18172
24298 24453
10269 10402
13095 13224
33195 33321
24841 25018
5302 5430
25194 25327
33293 33372
37560 37690
39333 39455
11755 11881
2939 3032
22140 22283
27801 27941
5103 5167
38273 38436
18532 18657
37362 37461
4091 4166
27051 27226
22426 22520
16931 17003
14078 14249
38749 38870
35515 35632
14028 14130
32881 33008
27682 27822
11669 11769
8909 8988
13657 13753
24837 25016
8437 8520
26706 26774
3238 3348
21292 21367
36948 37071
36442 36603
15385 15522
17863 18037
38528 38661
31804 31952
12034 12176
20938 21088
13343 13482
9680 9848
27705 27857
9372 9514
18453 18620
17170 17296
1820 1989
27945 28023
38271 38345
28873 29048
38466 38577
15424 15522
20143 20259
21866 21937
11593 11711
27308 27444
9360 9444
9753 9881
28717 28779
2296 2371
21292 21380
6762 6894
30814 30901
39224 39378
2144 2247
371 510
35580 35737
16582 16700
6496 6562
1970 2092
27063 27138
25613 25702
12936 13100
3143 3206
816 977
13144 13308
32781 32960
11476 11655
3443 3623
17232 17354
38131 38226
6923 7093
19405 19533
1733 1894
38220 38287
9370 9452
9752 9875
774 834
2209 2376
21434 21559
30647 30818
4000 4166
35886 36027
34191 34272
15201 15348
36571 36714
27493 27624
14424 14496
21474 21599
23004 23135
35567 35731
22399 22514
2293 2416
478 579
29004 29174
26240 26405
11007 11131
4585 4685
23725 23843
7484 7645
23923 24053
2305 2437
31546 31687
20152 20328
32189 32331
17498 17591
15880 16024
36025 36178
37013 37146
17770 17938
14075 14159
19017 19084
27357 27516
18577 18714
4859 4925
13688 13754
5028 5158
872 953
31627 31786
2362 2462
35015 35107
30602 30681
16245 16309
11719 11841
37622 37798
18882 19031
9724 9807
25588 25743
4354 4525
9668 9757
28461 28593
27133 27306
2316 2454
35970 36064
7828 7889
20819 20892
7351 7470
22975 23143
14617 14689
23795 23863
15867 15946
25219 25301
23667 23828
14896 15041
9794 9922
8791 8891
29085 29193
5953 6099
12628 12782
2326 2481
37372 37494
486 555
9206 9285
11898 12074
18627 18781
22895 23058
8745 8919
10141 10288
15420 15505
9009 9119
17757 17935
10787 10902
20362 20534
36499 36619
30906 30980
27055 27195
9413 9501
39544 39622
25260 25355
951 1041
24071 24243
6166 6320
5727 5844
13744 13847
4200 4334
872 978
15806 15906
33074 33145
14360 14485
25079 25199
23018 23144
12992 13076
22867 23001
1784 1851
27041 27180
34253 34393
27624 27737
29310 29443
14130 14278
21581 21672
36438 36615
35748 35889
21937 22117
10757 10856
2870 3018
35325 35425
31663 31824
39872 40024
30065 30242
33245 33337
13950 14127
28527 28636
28592 28749
27311 27399
4673 4772
4744 4831
3972 4105
4992 5085
23774 23941
35123 35253
18462 18559
30580 30662
15341 15470
30934 31102
34756 34912
31222 31298
33350 33530
19078 19183
38869 39010
23729 23909
33966 34095
19004 19115
14844 14917
9314 9434
879 1037
10461 10534
6712 6811
312 440
35338 35503
15719 15811
9225 9352
27091 27207
36343 36507
31083 31205
29033 29204
14353 14461
24596 24672
1662 1781
16493 16618
1558 1648
38582 38649
460 524
25355 25426
32012 32156
22743 22850
34018 34096
37738 37809
10919 11039
19071 19158
19932 20087
38215 38321
37225 37329
21028 21112
29064 29160
23107 23233
14313 14472
32159 32257
20270 20348
1696 1824
3431 3539
28487 28553
30243 30374
13670 13780
29830 29932
31548 31616
24739 24899
21919 22012
2021 2181
7951 8097
38409 38552
36388 36516
28089 28178
38389 38511
38947 39023
17939 18108
31067 31152
13464 13581
39224 39381
8271 8411
13957 14077
25410 25534
29811 29966
23226 23342
15706 15809
7422 7548
35220 35338
8597 8690
952 1052
15879 15973
27178 27338
18440 18513
2638 2699
22583 22651
33679 33812
11002 11113
28884 28963
28150 28219
36258 36393
28293 28458
5179 5242
12072 12147
29807 29917
10598 10715
10359 10489
2169 2293
34619 34702
13799 13972
15096 15251
39042 39107
25879 25980
22435 22573
2422 2520
11834 11926
39610 39715
20187 20365
37798 37903
13281 13450
21312 21456
21808 21871
7831 7982
23477 23573
14552 14705
1377 1483
39556 39650
33733 33820
33161 33281
36057 36175
19493 19580
12875 12975
23161 23319
1207 1333
18540 18614
30069 30196
18275 18455
3910 4048
36814 36983
11135 11215
31366 31484
24666 24777
5220 5296
24527 24596
16343 16455
12389 12465
20381 20536
16446 16511
6314 6407
21527 21639
34050 34142
29685 29758
19509 19676
16921 17016
10878 11043
12113 12195
27520 27690
31328 31442
27902 27967
24973 25147
25184 25306
4100 4206
28970 29109
6470 6616
21214 21304
14812 14981
13236 13336
3300 3466
32665 32733
18689 18806
26775 26927
9604 9672
8814 8953
25963 26134
21075 21225
29232 29362
33162 33257
21151 21286
29199 29345
15706 15809
7404 7584
16112 16281
12957 13063
13178 13245
23056 23116
597 689
1678 1799
39228 39375
11495 11625
22936 23048
4530 4627
12881 13025
16166 16340
2373 2466
34524 34673
23363 23455
39145 39296
175 329
4836 4958
6811 6927
7599 7659
18223 18369
14536 14627
35661 35814
1706 1777
19142 19215
38953 39075
380 443
10690 10824
33055 33184
15356 15470
31223 31395
695 784
27525 27649
4648 4808
32313 32378
10267 10372
12853 13031
7167 7326
27843 27946
39066 39158
10156 10291
4244 4397
15348 15497
7015 7111
29325 29455
2869 3017
32828 32979
9789 9969
760 884
25339 25437
30440 30543
33646 33807
19097 19272
4070 4244
16223 16373
4380 4534
16798 16935
14888 14965
34191 34287
12367 12493
35182 35281
2973 3070
34069 34141
19065 19232
31894 32070
30508 30668
29179 29310
7615 7703
33552 33724
22638 22745
37545 37671
38837 38930
6589 6705
33702 33850
36678 36826
3754 3822
3849 3981
20614 20714
3611 3787
32552 32706
27161 27246
26993 27069
33103 33253
32012 32105
16388 16472
14608 14717
16579 16651
21254 21384
1014 1154
37576 37719
5135 5207
3843 4008
27698 27872
7916 7976
1641 1788
11530 11631
17795 17949
23752 23916
12722 12853
25158 25300
1477 1624
8322 8422
12054 12144
28847 28941
37102 37281
25451 25613
36729 36809
22299 22383
29493 29579
16071 16210
18863 18952
13164 13326
1650 1756
5242 5364
8089 8227
15232 15378
11855 11964
27914 27976
23576 23741
18806 18958
22388 22485
38538 38618
25390 25531
17739 17878
18385 18463
21930 22082
29645 29749
22697 22838
28099 28270
35750 35910
39464 39528
28378 28462
25120 25250
3680 3856
29 160
38956 39130
29362 29432
21900 22066
13571 13712
31611 31723
2302 2376
12743 12897
21294 21444
8749 8859
13782 13906
18190 18266
134 211
120 193
1411 1532
25027 25166
25575 25662
6054 6146
32636 32771
11032 11157
5649 5773
17205 17349
18362 18518
37847 38021
9670 9796
33393 33457
499 588
14799 14958
133 214
28076 28173
31741 31851
10299 10378
6060 6157
31923 32094
10468 10563
22686 22778
19804 19928
33108 33225
26322 26470
9778 9842
6076 6139
26568 26690
20119 20235
27934 28002
18445 18566
19182 19266
3190 3318
37800 37918
16629 16744
24170 24232
16250 16419
16533 16666
24474 24557
10168 10340
39172 39349
1416 1477
16282 16435
11442 11531
7287 7354
14128 14250
13914 14043
35799 35957
33855 34035
37207 37279
36495 36647
5707 5806
28885 28984
33144 33311
13952 14113
14970 15133
34063 34237
1510 1630
21976 22056
24053 24183
18145 18287
5525 5635
12629 12698
19280 19345
39580 39696
30561 30643
17927 18006
25446 25518
22295 22437
5779 5940
12174 12251
8374 8540
806 951
27659 27830
14688 14808
29275 29374
3555 3697
12664 12817
4921 5100
17211 17348
32888 33032
10069 10187
6351 6416
38260 38404
13083 13246
25622 25741
16040 16167
3770 3926
34483 34572
9588 9677
23308 23384
14764 14866
21820 21957
9322 9448
3929 4091
15845 16016
15027 15172
8843 8981
28329 28466
7224 7285
5348 5519
17708 17848
5396 5572
17205 17266
24099 24197
1009 1181
12000 12176
19353 19490
29158 29276
19790 19939
29093 29153
32007 32102
28649 28728
38709 38793
11979 12143
20948 21029
13294 13413
14817 14935
9889 10057
7943 8097
27882 27976
5255 5327
22266 22336
2027 2155
2503 2682
15470 15564
38442 38621
38208 38323
18532 18670
2718 2807
13016 13123
8884 9049
1009 1135
16773 16875
37350 37443
6702 6822
36597 36687
17114 17264
19958 20133
3898 3968
27416 27487
2124 2254
3521 3614
153 281
5465 5580
20809 20915
18913 19051
39914 40051
3392 3539
4269 4414
17702 17801
27040 27101
12421 12514
17920 18000
31638 31774
3929 4081
20513 20649
24313 24483
21790 21850
21431 21559
13237 13326
22721 22851
38212 38336
9596 9720
38760 38907
34170 34281
16359 16529
37112 37282
7953 8093
16257 16416
22507 22646
11633 11794
27225 27373
35525 35597
21433 21532
16464 16575
742 856
1316 1380
10598 10676
4867 4997
5556 5730
3450 3628
3671 3822
16502 16678
25906 26033
247 358
19570 19748
1672 1851
38165 38254
15368 15528
13743 13854
36289 36433
13401 13568
5355 5503
13828 13962
17789 17941
32009 32100
8322 8449
4751 4848
37928 38001
7573 7678
12161 12291
101 271
7792 7900
31155 31292
24144 24268
3004 3116
13726 13900
32215 32369
23440 23507
5719 5793
23602 23665
10163 10339
5176 5305
27580 27653
12119 12202
7374 7548
4471 4651
34651 34789
5943 6045
22543 22678
39061 39189
24236 24373
32662 32788
1755 1899
18338 18430
34404 34515
4871 4969
14479 14550
29108 29232
26861 26936
18896 19074
16202 16273
29031 29188
18739 18809
5934 6032
24452 24529
33487 33593
27942 28055
2768 2911
1272 1427
13367 13465
23121 23274
7495 7662
8871 9034
31305 31372
26820 26936
10555 10633
16249 16398
12456 12604
39909 40051
24607 24687
11405 11555
24214 24310
