1	1	8460		
1	2			
1	3			
1	4			
1	5			
1	6			
1	7			
1	8			
1	9			
1	10			
1	11			
1	12			
1	13			
1	14			
1	15			
1	16			
1	17			
1	18			
1	19			
1	20			
1	21			
1	22			
1	23			
1	24			
1	25			
1	26			
1	27			
1	28			
1	29			
1	30			
1	31			
1	32			
1	33			
1	34			
1	35			
1	36			
1	37			
1	38			
1	39			
1	40			
1	41			
1	42			
1	43			
1	44			
1	45			
1	46			
2	48			
2	50			
2	52			
2	54			
2	56			
2	58			
2	60			
2	62			
2	64			
2	66			
2	68			
2	70			
2	72			
2	74			
2	76			
2	78			
2	80			
2	82			
2	84			
2	86			
2	88			
2	90			
2	92			
2	94			
2	96			
2	98			
2	100			
2	102			
2	104			
2	106			
2	108			
2	110			
2	112			
2	114			
2	116			
2	118			
2	120			
2	122			
2	124			
2	126			
2	128			
2	130			
2	132			
3	135			
3	138			
3	141			
3	144			
3	147			
3	150			
3	153			
3	156			
3	159			
3	162			
3	165			
3	168			
3	171			
3	174			
3	177			
3	180			
3	183			
3	186			
3	189			
3	192			
3	195			
3	198			
3	201			
3	204			
3	207			
3	210			
3	213			
3	216			
3	219			
3	222			
3	225			
3	228			
3	231			
3	234			
3	237			
3	240			
3	243			
3	246			
3	249			
3	252			
4	256			
4	260			
4	264			
4	268			
4	272			
4	276			
4	280			
4	284			
4	288			
4	292			
4	296			
4	300			
4	304			
4	308			
4	312			
4	316			
4	320			
4	324			
4	328			
4	332			
4	336			
4	340			
4	344			
4	348			
4	352			
4	356			
4	360			
4	364			
4	368			
4	372			
4	376			
4	380			
5	385			
5	390			
5	395			
5	400			
5	405			
5	410			
5	415			
5	420			
5	425			
5	430			
5	435			
5	440			
5	445			
5	450			
5	455			
5	460			
5	465			
5	470			
5	475			
5	480			
5	485			
5	490			
5	495			
5	500			
5	505			
5	510			
5	515			
5	520			
5	525			
5	530			
5	535			
5	540			
5	545			
5	550			
5	555			
5	560			
5	565			
5	570			
5	575			
5	580			
5	585			
5	590			
5	595			
5	600			
5	605			
6	611			
6	617			
6	623			
6	629			
6	635			
6	641			
6	647			
6	653			
6	659			
6	665			
6	671			
6	677			
6	683			
6	689			
6	695			
6	701			
6	707			
6	713			
6	719			
6	725			
6	731			
6	737			
6	743			
6	749			
6	755			
6	761			
6	767			
6	773			
6	779			
6	785			
6	791			
6	797			
6	803			
6	809			
6	815			
6	821			
6	827			
7	834			
7	841			
7	848			
7	855			
7	862			
7	869			
7	876			
7	883			
7	890			
7	897			
7	904			
7	911			
7	918			
7	925			
7	932			
7	939			
7	946			
7	953			
7	960			
7	967			
7	974			
7	981			
7	988			
7	995			
7	1002			
7	1009			
7	1016			
7	1023			
7	1030			
7	1037			
7	1044			
7	1051			
7	1058			
7	1065			
7	1072			
7	1079			
7	1086			
7	1093			
7	1100			
7	1107			
7	1114			
7	1121			
7	1128			
7	1135			
7	1142			
7	1149			
8	1157			
8	1165			
8	1173			
8	1181			
8	1189			
8	1197			
8	1205			
8	1213			
8	1221			
8	1229			
8	1237			
8	1245			
8	1253			
8	1261			
8	1269			
8	1277			
8	1285			
8	1293			
8	1301			
8	1309			
8	1317			
8	1325			
8	1333			
8	1341			
8	1349			
8	1357			
8	1365			
8	1373			
8	1381			
8	1389			
8	1397			
8	1405			
8	1413			
8	1421			
8	1429			
8	1437			
8	1445			
8	1453			
8	1461			
8	1469			
8	1477			
9	1486			
9	1495			
9	1504			
9	1513			
9	1522			
9	1531			
9	1540			
9	1549			
9	1558			
9	1567			
9	1576			
9	1585			
9	1594			
9	1603			
9	1612			
9	1621			
9	1630			
9	1639			
9	1648			
9	1657			
9	1666			
9	1675			
9	1684			
9	1693			
9	1702			
9	1711			
9	1720			
9	1729			
9	1738			
9	1747			
9	1756			
9	1765			
9	1774			
9	1783			
9	1792			
9	1801			
9	1810			
9	1819			
10	1829			
10	1839			
10	1849			
10	1859			
10	1869			
10	1879			
10	1889			
10	1899			
10	1909			
10	1919			
10	1929			
10	1939			
10	1949			
10	1959			
10	1969			
10	1979			
10	1989			
10	1999			
10	2009			
10	2019			
10	2029			
10	2039			
10	2049			
10	2059			
10	2069			
10	2079			
10	2089			
10	2099			
10	2109			
10	2119			
10	2129			
10	2139			
10	2149			
10	2159			
10	2169			
10	2179			
10	2189			
10	2199			
10	2209			
10	2219			
10	2229			
10	2239			
10	2249			
10	2259			
10	2269			
10	2279			
10	2289			
10	2299			
10	2309			
10	2319			
11	2330			
11	2341			
11	2352			
11	2363			
11	2374			
11	2385			
11	2396			
11	2407			
11	2418			
11	2429			
11	2440			
11	2451			
11	2462			
11	2473			
11	2484			
11	2495			
11	2506			
11	2517			
11	2528			
11	2539			
11	2550			
11	2561			
11	2572			
11	2583			
11	2594			
11	2605			
11	2616			
11	2627			
11	2638			
11	2649			
11	2660			
11	2671			
11	2682			
11	2693			
11	2704			
11	2715			
11	2726			
11	2737			
11	2748			
11	2759			
11	2770			
12	2782			
12	2794			
12	2806			
12	2818			
12	2830			
12	2842			
12	2854			
12	2866			
12	2878			
12	2890			
12	2902			
12	2914			
12	2926			
12	2938			
12	2950			
12	2962			
12	2974			
12	2986			
12	2998			
12	3010			
12	3022			
12	3034			
12	3046			
12	3058			
12	3070			
12	3082			
12	3094			
12	3106			
12	3118			
12	3130			
12	3142			
12	3154			
12	3166			
12	3178			
12	3190			
12	3202			
12	3214			
12	3226			
12	3238			
12	3250			
12	3262			
12	3274			
12	3286			
12	3298			
12	3310			
13	3323			
13	3336			
13	3349			
13	3362			
13	3375			
13	3388			
13	3401			
13	3414			
13	3427			
13	3440			
13	3453			
13	3466			
13	3479			
13	3492			
13	3505			
13	3518			
13	3531			
13	3544			
13	3557			
13	3570			
13	3583			
13	3596			
13	3609			
13	3622			
13	3635			
13	3648			
13	3661			
13	3674			
13	3687			
13	3700			
13	3713			
13	3726			
13	3739			
13	3752			
13	3765			
14	3779			
14	3793			
14	3807			
14	3821			
14	3835			
14	3849			
14	3863			
14	3877			
14	3891			
14	3905			
14	3919			
14	3933			
14	3947			
14	3961			
14	3975			
14	3989			
14	4003			
14	4017			
14	4031			
14	4045			
14	4059			
14	4073			
14	4087			
14	4101			
14	4115			
14	4129			
14	4143			
14	4157			
14	4171			
14	4185			
14	4199			
14	4213			
14	4227			
14	4241			
14	4255			
14	4269			
14	4283			
15	4298			
15	4313			
15	4328			
15	4343			
15	4358			
15	4373			
15	4388			
15	4403			
15	4418			
15	4433			
15	4448			
15	4463			
15	4478			
15	4493			
15	4508			
15	4523			
15	4538			
15	4553			
15	4568			
15	4583			
15	4598			
15	4613			
15	4628			
15	4643			
15	4658			
15	4673			
15	4688			
15	4703			
15	4718			
15	4733			
15	4748			
15	4763			
15	4778			
15	4793			
15	4808			
15	4823			
15	4838			
15	4853			
16	4869			
16	4885			
16	4901			
16	4917			
16	4933			
16	4949			
16	4965			
16	4981			
16	4997			
16	5013			
16	5029			
16	5045			
16	5061			
16	5077			
16	5093			
16	5109			
16	5125			
16	5141			
16	5157			
16	5173			
16	5189			
16	5205			
16	5221			
16	5237			
16	5253			
16	5269			
16	5285			
16	5301			
16	5317			
16	5333			
16	5349			
16	5365			
16	5381			
16	5397			
16	5413			
16	5429			
16	5445			
16	5461			
16	5477			
16	5493			
16	5509			
16	5525			
16	5541			
17	5558			
17	5575			
17	5592			
17	5609			
17	5626			
17	5643			
17	5660			
17	5677			
17	5694			
17	5711			
17	5728			
17	5745			
17	5762			
17	5779			
17	5796			
17	5813			
17	5830			
17	5847			
17	5864			
17	5881			
17	5898			
17	5915			
17	5932			
17	5949			
17	5966			
17	5983			
17	6000			
17	6017			
17	6034			
17	6051			
17	6068			
17	6085			
17	6102			
18	6120			
18	6138			
18	6156			
18	6174			
18	6192			
18	6210			
18	6228			
18	6246			
18	6264			
18	6282			
18	6300			
18	6318			
18	6336			
18	6354			
18	6372			
18	6390			
18	6408			
18	6426			
18	6444			
18	6462			
18	6480			
18	6498			
18	6516			
18	6534			
18	6552			
18	6570			
18	6588			
18	6606			
18	6624			
18	6642			
18	6660			
18	6678			
18	6696			
18	6714			
18	6732			
18	6750			
18	6768			
18	6786			
18	6804			
18	6822			
18	6840			
18	6858			
18	6876			
18	6894			
18	6912			
18	6930			
19	6949			
19	6968			
19	6987			
19	7006			
19	7025			
19	7044			
19	7063			
19	7082			
19	7101			
19	7120			
19	7139			
19	7158			
19	7177			
19	7196			
19	7215			
19	7234			
19	7253			
19	7272			
19	7291			
19	7310			
19	7329			
19	7348			
19	7367			
19	7386			
19	7405			
19	7424			
19	7443			
19	7462			
19	7481			
19	7500			
19	7519			
19	7538			
19	7557			
19	7576			
19	7595			
20	7615			
20	7635			
20	7655			
20	7675			
20	7695			
20	7715			
20	7735			
20	7755			
20	7775			
20	7795			
20	7815			
20	7835			
20	7855			
20	7875			
20	7895			
20	7915			
20	7935			
20	7955			
20	7975			
20	7995			
20	8015			
20	8035			
20	8055			
20	8075			
20	8095			
20	8115			
20	8135			
20	8155			
20	8175			
20	8195			
20	8215			
21	8236			
21	8257			
21	8278			
21	8299			
21	8320			
21	8341			
21	8362			
21	8383			
21	8404			
21	8425			
21	8446		14	8460
21	8467		35	
21	8488			
21	8509			
21	8530			
21	8551			
21	8572			
21	8593			
21	8614			
21	8635			
21	8656			
21	8677			
21	8698			
21	8719			
21	8740			
21	8761			
21	8782			
21	8803			
21	8824			
21	8845			
21	8866			
21	8887			
21	8908			
21	8929			
21	8950			
21	8971			
21	8992			
21	9013			
21	9034			
21	9055			
21	9076			
21	9097			
21	9118			
22	9140			
22	9162			
22	9184			
22	9206			
22	9228			
22	9250			
22	9272			
22	9294			
22	9316			
22	9338			
22	9360			
22	9382			
22	9404			
22	9426			
22	9448			
22	9470			
22	9492			
22	9514			
22	9536			
22	9558			
22	9580			
22	9602			
22	9624			
22	9646			
22	9668			
22	9690			
22	9712			
22	9734			
22	9756			
22	9778			
22	9800			
22	9822			
22	9844			
22	9866			
22	9888			
22	9910			
22	9932			
22	9954			
22	9976			
22	9998			
22	10020			
22	10042			
22	10064			
23	10087			
23	10110			
23	10133			
23	10156			
23	10179			
23	10202			
23	10225			
23	10248			
23	10271			
23	10294			
23	10317			
23	10340			
23	10363			
23	10386			
23	10409			
23	10432			
23	10455			
23	10478			
23	10501			
23	10524			
23	10547			
23	10570			
23	10593			
23	10616			
23	10639			
23	10662			
23	10685			
23	10708			
23	10731			
23	10754			
23	10777			
23	10800			
23	10823			
23	10846			
23	10869			
23	10892			
23	10915			
23	10938			
23	10961			
23	10984			
24	11008			
24	11032			
24	11056			
24	11080			
24	11104			
24	11128			
24	11152			
24	11176			
24	11200			
24	11224			
24	11248			
24	11272			
24	11296			
24	11320			
24	11344			
24	11368			
24	11392			
24	11416			
24	11440			
24	11464			
24	11488			
24	11512			
24	11536			
24	11560			
24	11584			
24	11608			
24	11632			
24	11656			
24	11680			
24	11704			
24	11728			
24	11752			
24	11776			
24	11800			
24	11824			
24	11848			
24	11872			
24	11896			
24	11920			
24	11944			
24	11968			
24	11992			
24	12016			
24	12040			
24	12064			
25	12089			
25	12114			
25	12139			
25	12164			
25	12189			
25	12214			
25	12239			
25	12264			
25	12289			
25	12314			
25	12339			
25	12364			
25	12389			
25	12414			
25	12439			
25	12464			
25	12489			
25	12514			
25	12539			
25	12564			
25	12589			
25	12614			
25	12639			
25	12664			
25	12689			
25	12714			
25	12739			
25	12764			
25	12789			
25	12814			
25	12839			
25	12864			
25	12889			
25	12914			
25	12939			
25	12964			
25	12989			
25	13014			
25	13039			
25	13064			
25	13089			
25	13114			
25	13139			
25	13164			
25	13189			
26	13215			
26	13241			
26	13267			
26	13293			
26	13319			
26	13345			
26	13371			
26	13397			
26	13423			
26	13449			
26	13475			
26	13501			
26	13527			
26	13553			
26	13579			
26	13605			
26	13631			
26	13657			
26	13683			
26	13709			
26	13735			
26	13761			
26	13787			
26	13813			
26	13839			
26	13865			
26	13891			
26	13917			
26	13943			
26	13969			
26	13995			
26	14021			
26	14047			
26	14073			
26	14099			
26	14125			
26	14151			
26	14177			
26	14203			
26	14229			
26	14255			
26	14281			
26	14307			
26	14333			
27	14360			
27	14387			
27	14414			
27	14441			
27	14468			
27	14495			
27	14522			
27	14549			
27	14576			
27	14603			
27	14630			
27	14657			
27	14684			
27	14711			
27	14738			
27	14765			
27	14792			
27	14819			
27	14846			
27	14873			
27	14900			
27	14927			
27	14954			
27	14981			
27	15008			
27	15035			
27	15062			
27	15089			
27	15116			
27	15143			
27	15170			
27	15197			
27	15224			
27	15251			
27	15278			
27	15305			
27	15332			
27	15359			
27	15386			
27	15413			
27	15440			
27	15467			
27	15494			
28	15522			
28	15550			
28	15578			
28	15606			
28	15634			
28	15662			
28	15690			
28	15718			
28	15746			
28	15774			
28	15802			
28	15830			
28	15858			
28	15886			
28	15914			
28	15942			
28	15970			
28	15998			
28	16026			
28	16054			
28	16082			
28	16110			
28	16138			
28	16166			
28	16194			
28	16222			
28	16250			
28	16278			
28	16306			
28	16334			
28	16362			
28	16390			
28	16418			
28	16446			
28	16474			
28	16502			
28	16530			
28	16558			
28	16586			
29	16615			
29	16644			
29	16673			
29	16702			
29	16731			
29	16760			
29	16789			
29	16818			
29	16847			
29	16876			
29	16905			
29	16934			
29	16963			
29	16992			
29	17021			
29	17050			
29	17079			
29	17108			
29	17137			
29	17166			
29	17195			
29	17224			
29	17253			
29	17282			
29	17311			
29	17340			
29	17369			
29	17398			
29	17427			
29	17456			
29	17485			
29	17514			
29	17543			
29	17572			
29	17601			
30	17631			
30	17661			
30	17691			
30	17721			
30	17751			
30	17781			
30	17811			
30	17841			
30	17871			
30	17901			
30	17931			
30	17961			
30	17991			
30	18021			
30	18051			
30	18081			
30	18111			
30	18141			
30	18171			
30	18201			
30	18231			
30	18261			
30	18291			
30	18321			
30	18351			
30	18381			
30	18411			
30	18441			
30	18471			
30	18501			
30	18531			
30	18561			
30	18591			
30	18621			
30	18651			
30	18681			
30	18711			
30	18741			
30	18771			
30	18801			
30	18831			
30	18861			
30	18891			
30	18921			
30	18951			
30	18981			
30	19011			
30	19041			
30	19071			
31	19102			
31	19133			
31	19164			
31	19195			
31	19226			
31	19257			
31	19288			
31	19319			
31	19350			
31	19381			
31	19412			
31	19443			
31	19474			
31	19505			
31	19536			
31	19567			
31	19598			
31	19629			
31	19660			
31	19691			
31	19722			
31	19753			
31	19784			
31	19815			
31	19846			
31	19877			
31	19908			
31	19939			
31	19970			
31	20001			
31	20032			
31	20063			
31	20094			
31	20125			
31	20156			
32	20188			
32	20220			
32	20252			
32	20284			
32	20316			
32	20348			
32	20380			
32	20412			
32	20444			
32	20476			
32	20508			
32	20540			
32	20572			
32	20604			
32	20636			
32	20668			
32	20700			
32	20732			
32	20764			
32	20796			
32	20828			
32	20860			
32	20892			
32	20924			
32	20956			
32	20988			
32	21020			
32	21052			
32	21084			
32	21116			
32	21148			
32	21180			
32	21212			
32	21244			
32	21276			
32	21308			
32	21340			
32	21372			
32	21404			
32	21436			
32	21468			
32	21500			
32	21532			
33	21565			
33	21598			
33	21631			
33	21664			
33	21697			
33	21730			
33	21763			
33	21796			
33	21829			
33	21862			
33	21895			
33	21928			
33	21961			
33	21994			
33	22027			
33	22060			
33	22093			
33	22126			
33	22159			
33	22192			
33	22225			
33	22258			
33	22291			
33	22324			
33	22357			
33	22390			
33	22423			
33	22456			
33	22489			
33	22522			
33	22555			
33	22588			
33	22621			
33	22654			
33	22687			
33	22720			
33	22753			
33	22786			
33	22819			
33	22852			
33	22885			
34	22919			
34	22953			
34	22987			
34	23021			
34	23055			
34	23089			
34	23123			
34	23157			
34	23191			
34	23225			
34	23259			
34	23293			
34	23327			
34	23361			
34	23395			
34	23429			
34	23463			
34	23497			
34	23531			
34	23565			
34	23599			
34	23633			
34	23667			
34	23701			
34	23735			
34	23769			
34	23803			
34	23837			
34	23871			
34	23905			
34	23939			
34	23973			
34	24007			
34	24041			
35	24076			
35	24111			
35	24146			
35	24181			
35	24216			
35	24251			
35	24286			
35	24321			
35	24356			
35	24391			
35	24426			
35	24461			
35	24496			
35	24531			
35	24566			
35	24601			
35	24636			
35	24671			
35	24706			
35	24741			
35	24776			
35	24811			
35	24846			
35	24881			
35	24916			
35	24951			
35	24986			
35	25021			
35	25056			
35	25091			
35	25126			
35	25161			
35	25196			
35	25231			
35	25266			
35	25301			
35	25336			
35	25371			
36	25407			
36	25443			
36	25479			
36	25515			
36	25551			
36	25587			
36	25623			
36	25659			
36	25695			
36	25731			
36	25767			
36	25803			
36	25839			
36	25875			
36	25911			
36	25947			
36	25983			
36	26019			
36	26055			
36	26091			
36	26127			
36	26163			
36	26199			
36	26235			
36	26271			
36	26307			
36	26343			
36	26379			
36	26415			
36	26451			
36	26487			
36	26523			
36	26559			
36	26595			
37	26632			
37	26669			
37	26706			
37	26743			
37	26780			
37	26817			
37	26854			
37	26891			
37	26928			
37	26965			
37	27002			
37	27039			
37	27076			
37	27113			
37	27150			
37	27187			
37	27224			
37	27261			
37	27298			
37	27335			
37	27372			
37	27409			
37	27446			
37	27483			
37	27520			
37	27557			
37	27594			
37	27631			
37	27668			
37	27705			
37	27742			
37	27779			
37	27816			
37	27853			
37	27890			
37	27927			
37	27964			
37	28001			
37	28038			
37	28075			
37	28112			
37	28149			
38	28187			
38	28225			
38	28263			
38	28301			
38	28339			
38	28377			
38	28415			
38	28453			
38	28491			
38	28529			
38	28567			
38	28605			
38	28643			
38	28681			
38	28719			
38	28757			
38	28795			
38	28833			
38	28871			
38	28909			
38	28947			
38	28985			
38	29023			
38	29061			
38	29099			
38	29137			
38	29175			
38	29213			
38	29251			
38	29289			
38	29327			
38	29365			
38	29403			
38	29441			
38	29479			
38	29517			
38	29555			
38	29593			
38	29631			
38	29669			
38	29707			
38	29745			
38	29783			
39	29822			
39	29861			
39	29900			
39	29939			
39	29978			
39	30017			
39	30056			
39	30095			
39	30134			
39	30173			
39	30212			
39	30251			
39	30290			
39	30329			
39	30368			
39	30407			
39	30446			
39	30485			
39	30524			
39	30563			
39	30602			
39	30641			
39	30680			
39	30719			
39	30758			
39	30797			
39	30836			
39	30875			
39	30914			
39	30953			
39	30992			
39	31031			
39	31070			
39	31109			
39	31148			
39	31187			
39	31226			
39	31265			
39	31304			
39	31343			
40	31383			
40	31423			
40	31463			
40	31503			
40	31543			
40	31583			
40	31623			
40	31663			
40	31703			
40	31743			
40	31783			
40	31823			
40	31863			
40	31903			
40	31943			
40	31983			
40	32023			
40	32063			
40	32103			
40	32143			
40	32183			
40	32223			
40	32263			
40	32303			
40	32343			
40	32383			
40	32423			
40	32463			
40	32503			
40	32543			
40	32583			
40	32623			
40	32663			
40	32703			
40	32743			
40	32783			
40	32823			
41	32864			
41	32905			
41	32946			
41	32987			
41	33028			
41	33069			
41	33110			
41	33151			
41	33192			
41	33233			
41	33274			
41	33315			
41	33356			
41	33397			
41	33438			
41	33479			
41	33520			
41	33561			
41	33602			
41	33643			
41	33684			
41	33725			
41	33766			
41	33807			
41	33848			
41	33889			
41	33930			
41	33971			
41	34012			
41	34053			
41	34094			
41	34135			
41	34176			
42	34218			
42	34260			
42	34302			
42	34344			
42	34386			
42	34428			
42	34470			
42	34512			
42	34554			
42	34596			
42	34638			
42	34680			
42	34722			
42	34764			
42	34806			
42	34848			
42	34890			
42	34932			
42	34974			
42	35016			
42	35058			
42	35100			
42	35142			
42	35184			
42	35226			
42	35268			
42	35310			
42	35352			
42	35394			
42	35436			
42	35478			
42	35520			
42	35562			
42	35604			
42	35646			
42	35688			
42	35730			
42	35772			
42	35814			
42	35856			
43	35899			
43	35942			
43	35985			
43	36028			
43	36071			
43	36114			
43	36157			
43	36200			
43	36243			
43	36286			
43	36329			
43	36372			
43	36415			
43	36458			
43	36501			
43	36544			
43	36587			
43	36630			
43	36673			
43	36716			
43	36759			
43	36802			
43	36845			
43	36888			
43	36931			
43	36974			
43	37017			
43	37060			
43	37103			
43	37146			
43	37189			
43	37232			
43	37275			
43	37318			
43	37361			
43	37404			
44	37448			
44	37492			
44	37536			
44	37580			
44	37624			
44	37668			
44	37712			
44	37756			
44	37800			
44	37844			
44	37888			
44	37932			
44	37976			
44	38020			
44	38064			
44	38108			
44	38152			
44	38196			
44	38240			
44	38284			
44	38328			
44	38372			
44	38416			
44	38460			
44	38504			
44	38548			
44	38592			
44	38636			
44	38680			
44	38724			
44	38768			
44	38812			
44	38856			
44	38900			
45	38945			
45	38990			
45	39035			
45	39080			
45	39125			
45	39170			
45	39215			
45	39260			
45	39305			
45	39350			
45	39395			
45	39440			
45	39485			
45	39530			
45	39575			
45	39620			
45	39665			
45	39710			
45	39755			
45	39800			
45	39845			
45	39890			
45	39935			
45	39980			
45	40025			
45	40070			
45	40115			
45	40160			
45	40205			
45	40250			
45	40295			
45	40340			
45	40385			
45	40430			
45	40475			
45	40520			
45	40565			
46	40611			
46	40657			
46	40703			
46	40749			
46	40795			
46	40841			
46	40887			
46	40933			
46	40979			
46	41025			
46	41071			
46	41117			
46	41163			
46	41209			
46	41255			
46	41301			
46	41347			
46	41393			
46	41439			
46	41485			
46	41531			
46	41577			
46	41623			
46	41669			
46	41715			
46	41761			
46	41807			
46	41853			
46	41899			
46	41945			
46	41991			
46	42037			
46	42083			
46	42129			
46	42175			
47	42222			
47	42269			
47	42316			
47	42363			
47	42410			
47	42457			
47	42504			
47	42551			
47	42598			
47	42645			
47	42692			
47	42739			
47	42786			
47	42833			
47	42880			
47	42927			
47	42974			
47	43021			
47	43068			
47	43115			
47	43162			
47	43209			
47	43256			
47	43303			
47	43350			
47	43397			
47	43444			
47	43491			
47	43538			
47	43585			
47	43632			
47	43679			
47	43726			
47	43773			
47	43820			
47	43867			
47	43914			
47	43961			
47	44008			
47	44055			
47	44102			
47	44149			
47	44196			
47	44243			
48	44291			
48	44339			
48	44387			
48	44435			
48	44483			
48	44531			
48	44579			
48	44627			
48	44675			
48	44723			
48	44771			
48	44819			
48	44867			
48	44915			
48	44963			
48	45011			
48	45059			
48	45107			
48	45155			
48	45203			
48	45251			
48	45299			
48	45347			
48	45395			
48	45443			
48	45491			
48	45539			
48	45587			
48	45635			
48	45683			
48	45731			
48	45779			
48	45827			
48	45875			
48	45923			
48	45971			
48	46019			
48	46067			
48	46115			
48	46163			
48	46211			
48	46259			
48	46307			
48	46355			
48	46403			
48	46451			
48	46499			
49	46548			
49	46597			
49	46646			
49	46695			
49	46744			
49	46793			
49	46842			
49	46891			
49	46940			
49	46989			
49	47038			
49	47087			
49	47136			
49	47185			
49	47234			
49	47283			
49	47332			
49	47381			
49	47430			
49	47479			
49	47528			
49	47577			
49	47626			
49	47675			
49	47724			
49	47773			
49	47822			
49	47871			
49	47920			
49	47969			
49	48018			
49	48067			
49	48116			
49	48165			
49	48214			
49	48263			
50	48313			
50	48363			
50	48413			
50	48463			
50	48513			
50	48563			
50	48613			
50	48663			
50	48713			
50	48763			
50	48813			
50	48863			
50	48913			
50	48963			
50	49013			
50	49063			
50	49113			
50	49163			
50	49213			
50	49263			
50	49313			
50	49363			
50	49413			
50	49463			
50	49513			
50	49563			
50	49613			
50	49663			
50	49713			
50	49763			
50	49813			
50	49863			
50	49913			
50	49963			
50	50013			
50	50063			
50	50113			
50	50163			
50	50213			
50	50263			
50	50313			
50	50363			
50	50413			
50	50463			
50	50513			
50	50563			
50	50613			
50	50663			
50	50713			
51	50764			
51	50815			
51	50866			
51	50917			
51	50968			
51	51019			
51	51070			
51	51121			
51	51172			
51	51223			
51	51274			
51	51325			
51	51376			
51	51427			
51	51478			
51	51529			
51	51580			
51	51631			
51	51682			
51	51733			
51	51784			
51	51835			
51	51886			
51	51937			
51	51988			
51	52039			
51	52090			
51	52141			
51	52192			
51	52243			
51	52294			
51	52345			
51	52396			
51	52447			
51	52498			
51	52549			
52	52601			
52	52653			
52	52705			
52	52757			
52	52809			
52	52861			
52	52913			
52	52965			
52	53017			
52	53069			
52	53121			
52	53173			
52	53225			
52	53277			
52	53329			
52	53381			
52	53433			
52	53485			
52	53537			
52	53589			
52	53641			
52	53693			
52	53745			
52	53797			
52	53849			
52	53901			
52	53953			
52	54005			
52	54057			
52	54109			
52	54161			
52	54213			
52	54265			
52	54317			
52	54369			
52	54421			
52	54473			
52	54525			
52	54577			
53	54630			
53	54683			
53	54736			
53	54789			
53	54842			
53	54895			
53	54948			
53	55001			
53	55054			
53	55107			
53	55160			
53	55213			
53	55266			
53	55319			
53	55372			
53	55425			
53	55478			
53	55531			
53	55584			
53	55637			
53	55690			
53	55743			
53	55796			
53	55849			
53	55902			
53	55955			
53	56008			
53	56061			
53	56114			
53	56167			
54	56221			
54	56275			
54	56329			
54	56383			
54	56437			
54	56491			
54	56545			
54	56599			
54	56653			
54	56707			
54	56761			
54	56815			
54	56869			
54	56923			
54	56977			
54	57031			
54	57085			
54	57139			
54	57193			
54	57247			
54	57301			
54	57355			
54	57409			
54	57463			
54	57517			
54	57571			
54	57625			
54	57679			
54	57733			
54	57787			
54	57841			
54	57895			
54	57949			
54	58003			
54	58057			
54	58111			
54	58165			
54	58219			
54	58273			
54	58327			
55	58382			
55	58437			
55	58492			
55	58547			
55	58602			
55	58657			
55	58712			
55	58767			
55	58822			
55	58877			
55	58932			
55	58987			
55	59042			
55	59097			
55	59152			
55	59207			
55	59262			
55	59317			
55	59372			
55	59427			
55	59482			
55	59537			
55	59592			
55	59647			
55	59702			
55	59757			
55	59812			
55	59867			
55	59922			
55	59977			
55	60032			
55	60087			
56	60143			
56	60199			
56	60255			
56	60311			
56	60367			
56	60423			
56	60479			
56	60535			
56	60591			
56	60647			
56	60703			
56	60759			
56	60815			
56	60871			
56	60927			
56	60983			
56	61039			
56	61095			
56	61151			
56	61207			
56	61263			
56	61319			
56	61375			
56	61431			
56	61487			
56	61543			
57	61600			
57	61657			
57	61714			
57	61771			
57	61828			
57	61885			
57	61942			
57	61999			
57	62056			
57	62113			
57	62170			
57	62227			
57	62284			
57	62341			
57	62398			
57	62455			
57	62512			
57	62569			
57	62626			
57	62683			
57	62740			
57	62797			
57	62854			
57	62911			
57	62968			
57	63025			
57	63082			
57	63139			
57	63196			
57	63253			
57	63310			
57	63367			
57	63424			
58	63482			
58	63540			
58	63598			
58	63656			
58	63714			
58	63772			
58	63830			
58	63888			
58	63946			
58	64004			
58	64062			
58	64120			
58	64178			
58	64236			
58	64294			
58	64352			
58	64410			
58	64468			
58	64526			
58	64584			
58	64642			
58	64700			
58	64758			
58	64816			
58	64874			
58	64932			
58	64990			
58	65048			
58	65106			
58	65164			
58	65222			
58	65280			
58	65338			
58	65396			
58	65454			
58	65512			
58	65570			
58	65628			
58	65686			
58	65744			
58	65802			
58	65860			
58	65918			
58	65976			
59	66035			
59	66094			
59	66153			
59	66212			
59	66271			
59	66330			
59	66389			
59	66448			
59	66507			
59	66566			
59	66625			
59	66684			
59	66743			
59	66802			
59	66861			
59	66920			
59	66979			
59	67038			
59	67097			
59	67156			
59	67215			
59	67274			
59	67333			
59	67392			
59	67451			
59	67510			
59	67569			
59	67628			
59	67687			
59	67746			
59	67805			
59	67864			
59	67923			
59	67982			
59	68041			
59	68100			
59	68159			
59	68218			
59	68277			
59	68336			
59	68395			
59	68454			
59	68513			
60	68573			
60	68633			
60	68693			
60	68753			
60	68813			
60	68873			
60	68933			
60	68993			
60	69053			
60	69113			
60	69173			
60	69233			
60	69293			
60	69353			
60	69413			
60	69473			
60	69533			
60	69593			
60	69653			
60	69713			
60	69773			
60	69833			
60	69893			
60	69953			
60	70013			
60	70073			
60	70133			
60	70193			
60	70253			
60	70313			
60	70373			
60	70433			
60	70493			
61	70554			
61	70615			
61	70676			
61	70737			
61	70798			
61	70859			
61	70920			
61	70981			
61	71042			
61	71103			
61	71164			
61	71225			
61	71286			
61	71347			
61	71408			
61	71469			
61	71530			
61	71591			
61	71652			
61	71713			
61	71774			
61	71835			
61	71896			
61	71957			
61	72018			
61	72079			
61	72140			
61	72201			
61	72262			
61	72323			
61	72384			
62	72446			
62	72508			
62	72570			
62	72632			
62	72694			
62	72756			
62	72818			
62	72880			
62	72942			
62	73004			
62	73066			
62	73128			
62	73190			
62	73252			
62	73314			
62	73376			
62	73438			
62	73500			
62	73562			
62	73624			
62	73686			
62	73748			
62	73810			
62	73872			
62	73934			
62	73996			
62	74058			
62	74120			
62	74182			
62	74244			
62	74306			
62	74368			
62	74430			
62	74492			
62	74554			
62	74616			
62	74678			
62	74740			
62	74802			
62	74864			
62	74926			
62	74988			
62	75050			
62	75112			
62	75174			
62	75236			
62	75298			
62	75360			
62	75422			
63	75485			
63	75548			
63	75611			
63	75674			
63	75737			
63	75800			
63	75863			
63	75926			
63	75989			
63	76052			
63	76115			
63	76178			
63	76241			
63	76304			
63	76367			
63	76430			
63	76493			
63	76556			
63	76619			
63	76682			
63	76745			
63	76808			
63	76871			
63	76934			
63	76997			
63	77060			
63	77123			
63	77186			
63	77249			
63	77312			
63	77375			
63	77438			
63	77501			
63	77564			
63	77627			
63	77690			
63	77753			
63	77816			
63	77879			
63	77942			
64	78006			
64	78070			
64	78134			
64	78198			
64	78262			
64	78326			
64	78390			
64	78454			
64	78518			
64	78582			
64	78646			
64	78710			
64	78774			
64	78838			
64	78902			
64	78966			
64	79030			
64	79094			
64	79158			
64	79222			
64	79286			
64	79350			
64	79414			
64	79478			
64	79542			
64	79606			
64	79670			
64	79734			
64	79798			
64	79862			
64	79926			
64	79990			
64	80054			
64	80118			
64	80182			
64	80246			
64	80310			
65	80375			
65	80440			
65	80505			
65	80570			
65	80635			
65	80700			
65	80765			
65	80830			
65	80895			
65	80960			
65	81025			
65	81090			
65	81155			
65	81220			
65	81285			
65	81350			
65	81415			
65	81480			
65	81545			
65	81610			
65	81675			
65	81740			
65	81805			
65	81870			
65	81935			
65	82000			
65	82065			
65	82130			
65	82195			
65	82260			
65	82325			
65	82390			
65	82455			
65	82520			
65	82585			
66	82651			
66	82717			
66	82783			
66	82849			
66	82915			
66	82981			
66	83047			
66	83113			
66	83179			
66	83245			
66	83311			
66	83377			
66	83443			
66	83509			
66	83575			
66	83641			
66	83707			
66	83773			
66	83839			
66	83905			
66	83971			
66	84037			
66	84103			
66	84169			
66	84235			
66	84301			
66	84367			
66	84433			
66	84499			
66	84565			
66	84631			
66	84697			
66	84763			
66	84829			
66	84895			
66	84961			
66	85027			
66	85093			
67	85160			
67	85227			
67	85294			
67	85361			
67	85428			
67	85495			
67	85562			
67	85629			
67	85696			
67	85763			
67	85830			
67	85897			
67	85964			
67	86031			
67	86098			
67	86165			
67	86232			
67	86299			
67	86366			
67	86433			
67	86500			
67	86567			
67	86634			
67	86701			
67	86768			
67	86835			
67	86902			
67	86969			
67	87036			
68	87104			
68	87172			
68	87240			
68	87308			
68	87376			
68	87444			
68	87512			
68	87580			
68	87648			
68	87716			
68	87784			
68	87852			
68	87920			
68	87988			
68	88056			
68	88124			
68	88192			
68	88260			
68	88328			
68	88396			
68	88464			
68	88532			
68	88600			
68	88668			
68	88736			
68	88804			
68	88872			
68	88940			
68	89008			
68	89076			
68	89144			
68	89212			
68	89280			
68	89348			
68	89416			
68	89484			
68	89552			
68	89620			
68	89688			
68	89756			
68	89824			
68	89892			
68	89960			
68	90028			
69	90097			
69	90166			
69	90235			
69	90304			
69	90373			
69	90442			
69	90511			
69	90580			
69	90649			
69	90718			
69	90787			
69	90856			
69	90925			
69	90994			
69	91063			
69	91132			
69	91201			
69	91270			
69	91339			
69	91408			
69	91477			
69	91546			
69	91615			
69	91684			
69	91753			
69	91822			
69	91891			
69	91960			
69	92029			
69	92098			
69	92167			
69	92236			
69	92305			
69	92374			
69	92443			
70	92513			
70	92583			
70	92653			
70	92723			
70	92793			
70	92863			
70	92933			
70	93003			
70	93073			
70	93143			
70	93213			
70	93283			
70	93353			
70	93423			
70	93493			
70	93563			
70	93633			
70	93703			
70	93773			
70	93843			
70	93913			
70	93983			
70	94053			
70	94123			
70	94193			
70	94263			
70	94333			
70	94403			
70	94473			
70	94543			
70	94613			
70	94683			
70	94753			
70	94823			
70	94893			
70	94963			
70	95033			
70	95103			
70	95173			
70	95243			
70	95313			
70	95383			
70	95453			
70	95523			
70	95593			
70	95663			
70	95733			
71	95804			
71	95875			
71	95946			
71	96017			
71	96088			
71	96159			
71	96230			
71	96301			
71	96372			
71	96443			
71	96514			
71	96585			
71	96656			
71	96727			
71	96798			
71	96869			
71	96940			
71	97011			
71	97082			
71	97153			
71	97224			
71	97295			
71	97366			
71	97437			
71	97508			
71	97579			
71	97650			
71	97721			
71	97792			
71	97863			
71	97934			
71	98005			
71	98076			
71	98147			
71	98218			
72	98290			
72	98362			
72	98434			
72	98506			
72	98578			
72	98650			
72	98722			
72	98794			
72	98866			
72	98938			
72	99010			
72	99082			
72	99154			
72	99226			
72	99298			
72	99370			
72	99442			
72	99514			
72	99586			
72	99658			
72	99730			
72	99802			
72	99874			
72	99946			
72	100018			
72	100090			
72	100162			
72	100234			
72	100306			
72	100378			
72	100450			
72	100522			
72	100594			
72	100666			
72	100738			
72	100810			
72	100882			
72	100954			
72	101026			
72	101098			
72	101170			
72	101242			
72	101314			
72	101386			
73	101459			
73	101532			
73	101605			
73	101678			
73	101751			
73	101824			
73	101897			
73	101970			
73	102043			
73	102116			
73	102189			
73	102262			
73	102335			
73	102408			
73	102481			
73	102554			
73	102627			
73	102700			
73	102773			
73	102846			
73	102919			
73	102992			
73	103065			
73	103138			
73	103211			
73	103284			
73	103357			
73	103430			
73	103503			
73	103576			
73	103649			
73	103722			
73	103795			
73	103868			
73	103941			
73	104014			
73	104087			
73	104160			
73	104233			
74	104307			
74	104381			
74	104455			
74	104529			
74	104603			
74	104677			
74	104751			
74	104825			
74	104899			
74	104973			
74	105047			
74	105121			
74	105195			
74	105269			
74	105343			
74	105417			
74	105491			
74	105565			
74	105639			
74	105713			
74	105787			
74	105861			
74	105935			
74	106009			
74	106083			
74	106157			
74	106231			
74	106305			
74	106379			
74	106453			
74	106527			
74	106601			
74	106675			
74	106749			
74	106823			
74	106897			
74	106971			
74	107045			
74	107119			
75	107194			
75	107269			
75	107344			
75	107419			
75	107494			
75	107569			
75	107644			
75	107719			
75	107794			
75	107869			
75	107944			
75	108019			
75	108094			
75	108169			
75	108244			
75	108319			
75	108394			
75	108469			
75	108544			
75	108619			
75	108694			
75	108769			
75	108844			
75	108919			
75	108994			
75	109069			
75	109144			
75	109219			
75	109294			
75	109369			
75	109444			
75	109519			
75	109594			
75	109669			
75	109744			
75	109819			
75	109894			
75	109969			
75	110044			
75	110119			
75	110194			
75	110269			
75	110344			
75	110419			
76	110495			
76	110571			
76	110647			
76	110723			
76	110799			
76	110875			
76	110951			
76	111027			
76	111103			
76	111179			
76	111255			
76	111331			
76	111407			
76	111483			
76	111559			
76	111635			
76	111711			
76	111787			
76	111863			
76	111939			
76	112015			
76	112091			
76	112167			
76	112243			
76	112319			
76	112395			
76	112471			
76	112547			
76	112623			
76	112699			
76	112775			
76	112851			
76	112927			
76	113003			
77	113080			
77	113157			
77	113234			
77	113311			
77	113388			
77	113465			
77	113542			
77	113619			
77	113696			
77	113773			
77	113850			
77	113927			
77	114004			
77	114081			
77	114158			
77	114235			
77	114312			
77	114389			
77	114466			
77	114543			
77	114620			
77	114697			
77	114774			
77	114851			
77	114928			
77	115005			
77	115082			
77	115159			
77	115236			
77	115313			
77	115390			
77	115467			
77	115544			
77	115621			
77	115698			
77	115775			
77	115852			
77	115929			
77	116006			
77	116083			
77	116160			
77	116237			
77	116314			
78	116392			
78	116470			
78	116548			
78	116626			
78	116704			
78	116782			
78	116860			
78	116938			
78	117016			
78	117094			
78	117172			
78	117250			
78	117328			
78	117406			
78	117484			
78	117562			
78	117640			
78	117718			
78	117796			
78	117874			
78	117952			
78	118030			
78	118108			
78	118186			
78	118264			
78	118342			
78	118420			
78	118498			
78	118576			
78	118654			
78	118732			
78	118810			
78	118888			
78	118966			
78	119044			
78	119122			
78	119200			
78	119278			
78	119356			
78	119434			
79	119513			
79	119592			
79	119671			
79	119750			
79	119829			
79	119908			
79	119987			
79	120066			
79	120145			
79	120224			
79	120303			
79	120382			
79	120461			
79	120540			
79	120619			
79	120698			
79	120777			
79	120856			
79	120935			
79	121014			
79	121093			
79	121172			
79	121251			
79	121330			
79	121409			
79	121488			
79	121567			
79	121646			
79	121725			
79	121804			
79	121883			
79	121962			
79	122041			
79	122120			
79	122199			
79	122278			
80	122358			
80	122438			
80	122518			
80	122598			
80	122678			
80	122758			
80	122838			
80	122918			
80	122998			
80	123078			
80	123158			
80	123238			
80	123318			
80	123398			
80	123478			
80	123558			
80	123638			
80	123718			
80	123798			
80	123878			
80	123958			
80	124038			
80	124118			
80	124198			
80	124278			
80	124358			
80	124438			
80	124518			
80	124598			
80	124678			
80	124758			
80	124838			
80	124918			
80	124998			
80	125078			
80	125158			
80	125238			
80	125318			
80	125398			
80	125478			
80	125558			
80	125638			
80	125718			
80	125798			
81	125879			
81	125960			
81	126041			
81	126122			
81	126203			
81	126284			
81	126365			
81	126446			
81	126527			
81	126608			
81	126689			
81	126770			
81	126851			
81	126932			
81	127013			
81	127094			
81	127175			
81	127256			
81	127337			
81	127418			
81	127499			
81	127580			
81	127661			
81	127742			
81	127823			
81	127904			
81	127985			
81	128066			
81	128147			
82	128229			
82	128311			
82	128393			
82	128475			
82	128557			
82	128639			
82	128721			
82	128803			
82	128885			
82	128967			
82	129049			
82	129131			
82	129213			
82	129295			
82	129377			
82	129459			
82	129541			
82	129623			
82	129705			
82	129787			
82	129869			
82	129951			
82	130033			
82	130115			
82	130197			
82	130279			
82	130361			
82	130443			
82	130525			
82	130607			
82	130689			
82	130771			
82	130853			
82	130935			
82	131017			
82	131099			
82	131181			
82	131263			
82	131345			
82	131427			
82	131509			
82	131591			
82	131673			
82	131755			
82	131837			
82	131919			
82	132001			
82	132083			
82	132165			
82	132247			
82	132329			
83	132412			
83	132495			
83	132578			
83	132661			
83	132744			
83	132827			
83	132910			
83	132993			
83	133076			
83	133159			
83	133242			
83	133325			
83	133408			
83	133491			
83	133574			
83	133657			
83	133740			
83	133823			
83	133906			
83	133989			
83	134072			
83	134155			
83	134238			
83	134321			
83	134404			
83	134487			
83	134570			
83	134653			
83	134736			
83	134819			
83	134902			
83	134985			
83	135068			
83	135151			
83	135234			
83	135317			
83	135400			
83	135483			
83	135566			
83	135649			
83	135732			
83	135815			
83	135898			
83	135981			
83	136064			
83	136147			
83	136230			
83	136313			
84	136397			
84	136481			
84	136565			
84	136649			
84	136733			
84	136817			
84	136901			
84	136985			
84	137069			
84	137153			
84	137237			
84	137321			
84	137405			
84	137489			
84	137573			
84	137657			
84	137741			
84	137825			
84	137909			
84	137993			
84	138077			
84	138161			
84	138245			
84	138329			
84	138413			
84	138497			
84	138581			
84	138665			
84	138749			
84	138833			
84	138917			
84	139001			
84	139085			
84	139169			
84	139253			
84	139337			
85	139422			
85	139507			
85	139592			
85	139677			
85	139762			
85	139847			
85	139932			
85	140017			
85	140102			
85	140187			
85	140272			
85	140357			
85	140442			
85	140527			
85	140612			
85	140697			
85	140782			
85	140867			
85	140952			
85	141037			
85	141122			
85	141207			
85	141292			
85	141377			
85	141462			
85	141547			
85	141632			
85	141717			
85	141802			
85	141887			
85	141972			
85	142057			
85	142142			
85	142227			
85	142312			
86	142398			
86	142484			
86	142570			
86	142656			
86	142742			
86	142828			
86	142914			
86	143000			
86	143086			
86	143172			
86	143258			
86	143344			
86	143430			
86	143516			
86	143602			
86	143688			
86	143774			
86	143860			
86	143946			
86	144032			
86	144118			
86	144204			
86	144290			
86	144376			
86	144462			
86	144548			
86	144634			
86	144720			
86	144806			
86	144892			
86	144978			
86	145064			
86	145150			
86	145236			
86	145322			
86	145408			
86	145494			
86	145580			
86	145666			
87	145753			
87	145840			
87	145927			
87	146014			
87	146101			
87	146188			
87	146275			
87	146362			
87	146449			
87	146536			
87	146623			
87	146710			
87	146797			
87	146884			
87	146971			
87	147058			
87	147145			
87	147232			
87	147319			
87	147406			
87	147493			
87	147580			
87	147667			
87	147754			
87	147841			
87	147928			
87	148015			
87	148102			
87	148189			
87	148276			
87	148363			
87	148450			
87	148537			
87	148624			
87	148711			
87	148798			
87	148885			
87	148972			
87	149059			
87	149146			
87	149233			
88	149321			
88	149409			
88	149497			
88	149585			
88	149673			
88	149761			
88	149849			
88	149937			
88	150025			
88	150113			
88	150201			
88	150289			
88	150377			
88	150465			
88	150553			
88	150641			
88	150729			
88	150817			
88	150905			
88	150993			
88	151081			
88	151169			
88	151257			
88	151345			
88	151433			
88	151521			
88	151609			
88	151697			
88	151785			
88	151873			
88	151961			
88	152049			
88	152137			
88	152225			
88	152313			
88	152401			
88	152489			
88	152577			
88	152665			
88	152753			
88	152841			
88	152929			
88	153017			
89	153106			
89	153195			
89	153284			
89	153373			
89	153462			
89	153551			
89	153640			
89	153729			
89	153818			
89	153907			
89	153996			
89	154085			
89	154174			
89	154263			
89	154352			
89	154441			
89	154530			
89	154619			
89	154708			
89	154797			
89	154886			
89	154975			
89	155064			
89	155153			
89	155242			
89	155331			
89	155420			
89	155509			
89	155598			
89	155687			
89	155776			
89	155865			
89	155954			
89	156043			
89	156132			
89	156221			
89	156310			
89	156399			
90	156489			
90	156579			
90	156669			
90	156759			
90	156849			
90	156939			
90	157029			
90	157119			
90	157209			
90	157299			
90	157389			
90	157479			
90	157569			
90	157659			
90	157749			
90	157839			
90	157929			
90	158019			
90	158109			
90	158199			
90	158289			
90	158379			
90	158469			
90	158559			
90	158649			
90	158739			
90	158829			
90	158919			
90	159009			
90	159099			
90	159189			
90	159279			
91	159370			
91	159461			
91	159552			
91	159643			
91	159734			
91	159825			
91	159916			
91	160007			
91	160098			
91	160189			
91	160280			
91	160371			
91	160462			
91	160553			
91	160644			
91	160735			
91	160826			
91	160917			
91	161008			
91	161099			
91	161190			
91	161281			
91	161372			
91	161463			
91	161554			
91	161645			
91	161736			
91	161827			
91	161918			
91	162009			
91	162100			
91	162191			
91	162282			
91	162373			
91	162464			
91	162555			
91	162646			
91	162737			
92	162829			
92	162921			
92	163013			
92	163105			
92	163197			
92	163289			
92	163381			
92	163473			
92	163565			
92	163657			
92	163749			
92	163841			
92	163933			
92	164025			
92	164117			
92	164209			
92	164301			
92	164393			
92	164485			
92	164577			
92	164669			
92	164761			
92	164853			
92	164945			
92	165037			
92	165129			
92	165221			
92	165313			
92	165405			
92	165497			
92	165589			
92	165681			
92	165773			
92	165865			
92	165957			
92	166049			
92	166141			
92	166233			
92	166325			
92	166417			
92	166509			
92	166601			
92	166693			
92	166785			
92	166877			
92	166969			
92	167061			
93	167154			
93	167247			
93	167340			
93	167433			
93	167526			
93	167619			
93	167712			
93	167805			
93	167898			
93	167991			
93	168084			
93	168177			
93	168270			
93	168363			
93	168456			
93	168549			
93	168642			
93	168735			
93	168828			
93	168921			
93	169014			
93	169107			
93	169200			
93	169293			
93	169386			
93	169479			
93	169572			
93	169665			
93	169758			
93	169851			
93	169944			
93	170037			
93	170130			
93	170223			
93	170316			
93	170409			
94	170503			
94	170597			
94	170691			
94	170785			
94	170879			
94	170973			
94	171067			
94	171161			
94	171255			
94	171349			
94	171443			
94	171537			
94	171631			
94	171725			
94	171819			
94	171913			
94	172007			
94	172101			
94	172195			
94	172289			
94	172383			
94	172477			
94	172571			
94	172665			
94	172759			
94	172853			
94	172947			
94	173041			
94	173135			
94	173229			
94	173323			
95	173418			
95	173513			
95	173608			
95	173703			
95	173798			
95	173893			
95	173988			
95	174083			
95	174178			
95	174273			
95	174368			
95	174463			
95	174558			
95	174653			
95	174748			
95	174843			
95	174938			
95	175033			
95	175128			
95	175223			
95	175318			
95	175413			
95	175508			
95	175603			
95	175698			
95	175793			
95	175888			
95	175983			
95	176078			
95	176173			
95	176268			
95	176363			
95	176458			
96	176554			
96	176650			
96	176746			
96	176842			
96	176938			
96	177034			
96	177130			
96	177226			
96	177322			
96	177418			
96	177514			
96	177610			
96	177706			
96	177802			
96	177898			
96	177994			
96	178090			
96	178186			
96	178282			
96	178378			
96	178474			
96	178570			
96	178666			
96	178762			
96	178858			
96	178954			
96	179050			
96	179146			
96	179242			
96	179338			
96	179434			
96	179530			
96	179626			
96	179722			
97	179819			
97	179916			
97	180013			
97	180110			
97	180207			
97	180304			
97	180401			
97	180498			
97	180595			
97	180692			
97	180789			
97	180886			
97	180983			
97	181080			
97	181177			
97	181274			
97	181371			
97	181468			
97	181565			
97	181662			
97	181759			
97	181856			
97	181953			
97	182050			
97	182147			
97	182244			
97	182341			
97	182438			
97	182535			
97	182632			
97	182729			
97	182826			
97	182923			
97	183020			
97	183117			
98	183215			
98	183313			
98	183411			
98	183509			
98	183607			
98	183705			
98	183803			
98	183901			
98	183999			
98	184097			
98	184195			
98	184293			
98	184391			
98	184489			
98	184587			
98	184685			
98	184783			
98	184881			
98	184979			
98	185077			
99	185176			
99	185275			
99	185374			
99	185473			
99	185572			
99	185671			
99	185770			
99	185869			
99	185968			
99	186067			
99	186166			
99	186265			
99	186364			
99	186463			
99	186562			
99	186661			
99	186760			
99	186859			
99	186958			
99	187057			
99	187156			
99	187255			
99	187354			
99	187453			
99	187552			
99	187651			
99	187750			
99	187849			
99	187948			
99	188047			
99	188146			
99	188245			
99	188344			
99	188443			
99	188542			
99	188641			
99	188740			
100	188840			
100	188940			
100	189040			
100	189140			
100	189240			
100	189340			
100	189440			
100	189540			
100	189640			
100	189740			
100	189840			
100	189940			
100	190040			
100	190140			
100	190240			
100	190340			
100	190440			
100	190540			
100	190640			
100	190740			
100	190840			
100	190940			
100	191040			
100	191140			
100	191240			
100	191340			
100	191440			
100	191540			
100	191640			
100	191740			
100	191840			
100	191940			
100	192040			
100	192140			
100	192240			
100	192340			
100	192440			
100	192540			
