997 500
5163 1783
463 2718
1555 4104
5823 656
4958 2678
5628 2749
3289 5815
4531 3524
3943 3509
5669 4616
5290 1355
3163 3229
37 4304
5778 296
393 4708
81 5735
2426 5436
5095 1140
3648 13
1319 774
4860 1174
988 4741
2379 3167
1417 6031
4177 4938
2692 1574
2523 210
2418 2431
4861 486
1105 818
2079 1889
2981 4245
3137 2152
2000 1179
4087 23
3582 4879
306 3956
3424 3
720 2340
976 1913
2022 1365
2198 1610
5053 643
71 1930
5677 127
3643 5978
4438 2164
809 535
2011 1996
4758 2234
3544 634
3592 3039
1674 3594
2907 2665
1044 5614
5696 3727
436 3317
5124 3654
5567 2971
1686 386
5582 914
1860 1606
1779 474
3218 732
1769 1277
5798 3965
876 5671
1083 6061
5605 2774
4809 1112
4152 5376
2792 2055
2540 1679
1622 4227
268 5883
1868 4837
4599 5537
44 677
891 1422
5917 4663
5947 4694
2253 1990
2303 5322
2036 4970
1822 2957
3392 3496
2091 863
1442 2117
1507 5602
758 905
4069 5340
5610 4784
434 2006
1798 3783
5687 430
42 369
3360 5837
1632 5891
895 4997
5539 563
2589 2406
1465 3273
1339 2607
1944 4984
3262 4312
3984 1719
5059 2120
1400 1980
1813 5159
2899 551
1627 2130
4556 2679
3107 3378
2856 3200
2778 1979
1309 3180
470 1617
3838 989
2425 445
1412 2137
4443 1075
1310 3111
4390 2307
6134 1374
5097 628
4827 585
1544 3005
5468 3296
3388 2112
1899 5961
2588 1051
1237 309
3400 2335
798 5331
5386 5068
1398 2669
495 933
489 4549
2597 637
3438 1911
3113 5662
372 510
5709 5447
2403 1265
2764 4735
1242 1247
5373 4658
1855 1849
846 788
3470 579
4478 3384
5117 3641
1690 1989
3449 4581
5721 3697
749 5701
1910 5440
2773 4926
3911 5572
594 4935
3986 4266
4445 3205
2118 4814
4399 3879
3606 5875
4066 3284
5661 2073
3264 2930
695 3558
253 5283
5009 5858
5308 614
2765 3369
5336 3938
4408 4762
2125 2988
5810 3778
5519 2099
2352 6017
805 367
4430 1894
2939 4234
3271 804
3452 1031
1404 5137
3607 1649
5920 4889
1947 2349
2840 2207
4035 3919
2750 5910
57 1832
162 611
4281 6118
2770 1684
4331 971
1564 2525
2498 1078
5528 5894
5466 5022
4569 3810
520 5589
6044 3677
1439 5766
5401 557
6127 590
2481 2572
5247 4457
6149 1597
4677 4365
402 1195
5635 5083
3339 884
5457 4039
1137 1429
4050 4461
3347 4162
5728 2412
3732 547
668 10
871 5108
2396 505
3841 3198
1415 2172
5215 2893
1135 2553
2088 2566
516 949
2363 939
4300 2237
164 782
2836 3867
2236 3616
3350 5688
3430 5848
1804 5429
1014 3443
3854 2814
2671 4030
154 317
1658 6101
4647 5318
5060 3413
3663 3591
2888 4319
3480 731
4628 2413
5647 3251
3109 378
4269 3070
889 3639
407 5147
5703 5280
5450 4903
91 2745
4114 5816
1433 4368
4886 691
6024 3915
1646 1502
4381 4356
2466 3721
153 2177
4406 2655
3018 2191
5040 4894
4067 1601
45 3776
3549 5192
5514 1408
1456 3308
356 2845
4721 1360
3827 5055
1669 1837
2488 5890
3541 2799
2474 3543
1239 2735
3292 4576
4561 3848
617 113
1960 5416
5761 3684
5887 3625
853 3493
5768 3990
2644 4642
1790 1251
4471 3515
32 6143
4191 358
3158 400
151 2030
1966 5551
3811 5704
3199 5180
1513 2875
3716 4315
413 160
1160 4063
3764 3980
2935 4949
2282 2373
1345 1056
512 4924
79 104
2755 880
3422 6036
919 5377
5093 1142
5415 49
5034 1304
5745 5757
1714 2421
2610 755
1122 1641
4732 2457
5111 5015
2684 1525
27 793
4009 1057
3687 5258
2203 3082
5451 5482
3266 5827
1585 4806
4360 30
5526 4712
1384 5143
4346 1875
1801 4111
6068 156
4093 4614
4250 3304
4719 1295
2532 241
5176 4076
3872 348
900 455
477 3739
4829 4897
2762 4564
3890 3899
3974 3214
5742 4386
1554 771
2076 5259
1854 925
4726 4143
5437 1425
6075 382
2040 1728
5944 785
5547 2506
725 4541
2950 5073
619 4467
4496 1709
4521 3937
821 2996
5493 5287
4641 2696
1531 2248
5101 4710
1327 4737
3657 3068
3772 440
363 604
1216 2648
700 2287
1151 1809
4188 5157
803 2993
2453 765
5153 959
4989 84
1279 1342
3212 4672
2557 1495
1457 5684
291 999
5554 135
1835 1107
106 4277
4210 93
416 5945
3728 5935
2880 2220
5976 3239
994 3836
4973 492
1381 2912
3115 3146
4208 4688
5102 4080
2921 3253
4536 77
943 6091
1087 4124
6012 2872
54 5327
5933 2145
2694 1347
171 4341
1937 1663
5352 3553
1997 1848
1881 4760
5986 582
4024 1224
831 5712
1773 2300
3575 1653
548 5127
2986 5562
3118 2442
2231 6029
948 4870
714 5901
161 866
1329 523
4604 5422
3072 2280
2956 3220
2972 4875
2811 1683
2913 1694
4867 2853
3617 1467
1842 4555
4004 1204
2605 3822
3532 4373
5253 597
5558 4952
2187 2823
2860 5214
2096 51
312 1865
4649 3706
2376 4434
4910 2966
3346 3420
2896 4558
2625 654
201 4077
4551 5490
4139 3103
3791 1061
1314 3189
2439 3733
4090 5725
1437 3628
608 147
5776 745
964 1797
3576 1540
2077 607
660 2020
906 2147
5720 2973
2963 858
2821 4072
4610 5185
4446 3570
1211 1431
352 3446
3696 2327
5132 1272
3225 4218
1088 3077
4099 1256
5543 2161
2159 1229
2267 4942
5845 5249
288 4295
5855 639
841 3588
5008 2215
3780 781
5090 458
4378 3598
540 462
2239 5233
3334 2943
6059 3093
3281 1953
2619 4029
266 1483
4284 4963
4214 1976
3806 5618
4376 2885
3723 4794
4850 3960
4473 3311
1699 3920
1108 5862
189 5223
2356 4481
553 4293
4883 2388
1568 4323
3475 4598
5552 4513
2783 4667
4618 5577
5642 3742
4918 2409
5458 4972
5538 2515
3997 4704
4049 40
6039 2071
4906 4506
5636 1915
504 1158
4857 4514
4699 3301
6000 3425
5938 1299
5244 4526
3878 1371
1241 1019
5293 3265
1185 4954
5062 799
3183 5119
435 4452
2657 3184
1740 2393
5502 255
3128 4433
1430 3069
3355 2730
4006 5498
4943 5444
1964 2033
29 4574
740 1092
5267 1218
4914 4822
2400 4493
3675 4771
262 5504
4351 1666
494 3754
1390 88
5509 2331
1998 2594
3153 5120
3373 4163
4830 5328
2026 1476
1011 217
6020 3313
97 1206
5013 3331
6077 1102
4261 5622
5796 3512
1764 2569
2415 1734
4689 5369
3507 5150
3988 1732
650 5216
1896 4135
5753 2286
5404 5407
5358 1939
50 5991
2184 3457
808 5001
5087 4545
5666 5089
4799 3041
5806 236
4332 3536
2062 3903
5584 2701
3711 3844
3869 5732
301 4841
6054 3094
4274 1972
4193 5585
2228 3171
684 3992
6008 315
1049 325
4516 4055
706 1333
5469 1704
825 1089
3006 4244
671 4340
1270 3010
5999 1097
5913 3085
1127 320
2050 558
2870 63
1284 5786
4947 1827
3484 644
4455 6072
3141 2366
935 4637
5324 2298
467 2848
1323 4619
4790 5632
4232 4766
457 247
544 1338
4713 5219
5835 5202
4466 3979
2317 2384
1036 282
6105 1885
3951 5966
100 3133
5716 5900
3898 1478
2583 1541
1590 5396
2168 5004
1920 124
5045 133
5925 1575
4753 3014
5356 5380
5043 1775
1066 708
3176 1556
478 5070
2723 1026
5371 5660
686 226
2086 2493
1955 851
4508 6146
2360 4589
979 2483
5840 4252
2863 1288
5171 2630
2255 354
1549 2708
4174 735
1389 1785
2713 1178
3046 4485
192 3520
2179 2082
5078 130
5077 5461
2978 4418
2902 2056
1729 3405
3670 1521
208 2760
4483 3797
2049 279
2142 5272
2345 4898
4239 396
1111 4190
5746 1022
5056 532
1949 4769
1225 1847
1169 2916
76 1498
4479 4854
5656 2510
175 931
1130 3408
2479 1928
5298 5410
246 676
528 2251
2003 5254
3884 985
5276 5617
3462 3935
3032 2448
1662 2212
4394 2016
2292 2876
4714 2600
4041 1561
1879 3633
3832 2066
421 3149
3353 2104
4787 6122
5257 3098
3581 3215
5338 1217
5781 1165
1119 1667
3735 1191
3970 4780
276 6016
4682 2661
1815 5382
5030 5433
3522 5791
139 776
631 1582
624 3774
1116 2788
5418 3702
4415 4921
3067 2768
5594 4060
5485 1312
1724 3361
6159 374
1871 426
3252 142
3054 1274
2952 2537
2183 3020
1975 1403
4864 4626
285 4501
4350 1681
3587 3927
1485 3989
2634 2614
1535 3088
4848 1472
2443 4676
120 4693
5121 109
1594 1368
6079 3436
1612 16
4157 1003
921 3534
248 1759
2575 5360
4116 5426
5037 4738
4082 753
272 2832
4308 2688
602 5168
4745 112
1428 3396
2272 5964
259 4528
1263 983
5899 4366
3123 2007
1020 177
1386 4819
280 4557
5866 389
1069 3208
483 6139
1951 3862
2946 1446
665 4117
6003 1580
1792 3839
742 3276
5763 1795
5264 3906
5206 5724
5140 4198
2312 1908
5472 3434
5473 2224
649 5952
1608 4328
3646 227
4223 2965
72 5657
339 5016
5740 5365
3801 3219
5972 5651
1904 1701
5603 2435
3681 2816
4167 2800
1651 3930
5344 391
3745 834
1261 4288
5799 5829
5681 2503
5663 5939
6051 3244
99 3173
852 682
3238 3610
5454 3063
3247 6109
311 3143
4579 1895
3819 2369
1750 5027
4256 5348
5522 1352
1221 3514
4992 1577
4653 4622
1916 3601
4045 4150
3037 5695
3653 3615
2743 5831
4002 1201
5251 1637
5751 2359
4206 2243
5772 4420
5641 5041
4638 3749
3976 3261
2659 2542
1007 186
3904 5354
3559 3330
3589 3695
6096 827
1984 2652
610 1332
2527 615
1461 2322
3759 4106
4607 5011
3922 6157
697 6112
1228 4750
5600 1074
1385 2675
4181 3715
1297 5209
704 3058
1278 2462
4220 3382
61 814
722 4428
571 1528
5995 344
5760 4585
1682 4056
5929 4127
3501 2789
4264 5803
519 4980
4988 1188
3049 404
1015 1490
2604 4690
5992 1817
954 5019
2746 2060
2703 5112
1379 5478
3666 3025
1200 4186
5187 5626
1147 1542
5692 1735
4335 1933
1754 5956
4488 5303
5236 4834
196 3249
450 1572
1395 3622
2519 3859
4402 766
904 3787
2196 2111
5847 169
5228 4410
5864 5240
5870 4871
3636 3566
1039 2144
5515 5391
728 1451
3283 4019
5836 6153
1968 1267
3699 3029
561 4121
5048 1886
5906 5532
5088 3521
3274 3366
4424 5675
910 4930
1153 3080
4147 2803
3564 1269
3874 4096
500 2641
335 4169
716 869
3691 1292
4882 330
3344 2115
2106 2259
574 5868
4202 3319
2263 479
3658 3076
5787 5197
5970 4728
3495 43
4137 710
2637 3814
3090 1141
3851 2548
3481 5313
21 3285
5820 2471
2827 5471
3794 839
5983 1510
5736 1070
3498 3203
4146 2865
5627 2961
2621 4621
4161 703
3528 4155
1745 4687
4594 4233
930 2796
1869 4014
5852 4449
2025 297
3887 1167
1995 1736
4849 4544
5 1402
2807 4268
3619 5434
567 203
3488 1518
4487 3322
3258 3194
2568 6088
4363 4540
2919 4505
3426 2555
3768 2580
6115 2297
4845 1925
5063 4010
221 409
6083 4968
3467 4632
1907 5880
181 3390
3326 3233
1046 929
4568 2728
5104 4977
761 3001
5523 213
1416 2925
2751 849
2721 3415
916 5691
4131 2133
6049 1234
1285 3611
5923 117
2561 6132
2275 5145
5773 3952
4776 68
2044 3062
3946 4634
2544 5597
1180 526
1599 2154
4801 4383
967 5828
3504 743
2208 6064
3893 5911
231 2739
