55
1000
97420
82372
6405
46848
41422
81718
32573
99971
46947
5892
81216
98345
42865
44805
63223
53389
192
85754
88843
48401
89439
27221
57766
26780
86848
59720
15891
66286
38198
82985
51886
76868
48057
75550
1561
91822
61369
26506
70470
93271
15173
67103
90515
80531
24866
19903
53000
74701
47626
87897
51378
15445
2001
29399
97875
99363
31873
51162
49865
23142
58527
63550
91670
84303
19907
47122
99276
59527
89625
14849
30851
45086
30045
99779
50709
938
55874
38234
73607
71578
22640
87990
19903
87862
13883
18782
45501
4039
94247
63285
51491
38772
13162
67516
88613
26514
58931
94631
82705
78261
71474
45324
60534
30796
33336
10359
60856
55323
63683
27784
5179
60013
69870
8428
85838
84329
44872
6861
56060
61014
71608
98213
27236
32827
92970
91920
1791
68952
85734
4930
91449
67965
88148
87012
80924
18033
21056
94824
24397
76431
42128
76714
70953
65970
68962
11740
79917
73481
34661
62810
81181
76154
15270
92564
38152
91167
6003
12606
81174
91607
24723
28337
18254
87765
63312
24279
29826
62165
90380
3938
43063
88563
21387
59908
54252
60431
81478
49419
59337
2243
90202
66792
33711
98322
30718
56652
32930
57482
67267
62844
10895
68099
96456
77146
61715
56994
17448
98267
65506
73434
87388
70766
58398
22349
60247
66835
6515
25679
71556
11264
79611
56380
56296
73806
67220
46242
42316
38193
28463
80128
25918
95247
29779
43761
64396
36446
4882
73731
22148
55236
45152
7495
81278
70307
99431
369
41581
83548
50444
72320
77932
84173
87462
53242
39587
71602
89001
76204
20859
96319
67166
91240
3420
93572
73182
80148
30527
46787
61567
69400
33219
98237
41908
25883
37268
83840
79138
40020
69251
63231
17460
11296
25609
61314
90579
2164
31069
62783
10774
91712
96112
61970
35852
11831
6264
68101
51771
72897
43043
23850
74012
99054
51156
39858
75593
35164
84093
14874
93119
9346
29370
75817
63515
27360
2322
42213
71430
5283
14799
42560
62897
30149
55441
77457
25494
21352
95210
3288
87064
38030
83655
21514
86550
14814
74914
96584
9650
44297
23154
81510
70154
83663
78120
98501
11791
18938
20138
46296
97903
60746
43472
59546
7268
34561
42459
72586
64698
92644
32139
46651
64014
15101
33264
6492
88947
71734
74227
55420
13416
34397
99340
92082
10809
21007
29219
90725
92885
2754
31100
24195
86824
86437
85765
46927
90083
79762
75844
4166
91260
72148
35198
91644
95313
74618
55011
55572
14190
43588
91739
89875
70354
63529
93158
99690
65609
61158
84822
66892
38286
41004
10540
6097
6289
8658
50921
3363
3070
20136
66678
96579
62268
60442
84468
17167
37583
14887
84273
48268
61533
68722
18552
24559
60420
21656
15817
88310
43806
80727
70210
7956
75730
75978
84831
23031
67771
21226
855
11726
381
75914
42637
10862
46710
95189
35376
52897
30501
55719
19104
86546
34393
81428
18314
84474
79148
95054
81813
5729
9835
24636
32410
5571
9300
454
13861
52115
91866
95788
41743
52205
30391
1742
89065
88541
9548
67166
72233
60098
1874
50910
27382
989
38949
21840
45979
42931
7592
83994
70319
24498
46286
82943
98194
14272
56789
59790
70898
29600
62867
17622
46433
60979
72430
75838
26482
3250
73670
16565
74133
71764
16642
21330
13439
3696
58839
77317
72166
43641
46635
1343
8319
83751
3508
54708
36777
46227
53894
90982
17087
34731
75174
61162
99063
15580
96528
6996
7316
36939
59175
21555
33344
66249
54597
85146
87269
26815
97330
20326
8059
57842
75772
21765
77709
5910
16610
26669
99902
26091
57300
83044
51181
51509
1544
93783
65249
11677
45508
27189
57659
91511
64409
65935
64960
75137
27032
95175
18533
61683
73081
416
17726
35838
35083
54364
10013
56142
77208
6350
85423
23608
98399
55692
96007
29246
48594
8461
72681
8813
66811
47353
77918
64034
96884
28332
81158
43398
18282
48992
28779
58439
28604
46633
15825
14520
663
38659
26231
83797
72412
53035
50876
72902
19340
7783
36376
30482
70149
97478
67474
44041
63252
29861
98375
27490
19053
50645
5787
99958
28999
3741
38151
17585
11437
71301
46325
98895
30
59891
71281
30423
80976
54018
22683
63673
9971
40005
26511
18161
22628
8155
69958
32383
26841
70401
92699
96566
76415
68182
44222
72896
84394
68434
55585
69271
1630
82430
86700
40446
69093
75943
89335
60172
35135
75236
20697
3140
3144
61477
14107
71442
9346
41645
61128
70231
28085
1818
24243
74764
17877
66308
74650
53422
44165
80411
76705
73713
779
35310
46883
64570
32752
81271
36999
96352
6906
17176
14278
19910
82273
22144
39842
23327
74918
25949
88022
21771
77
39829
71223
97205
60949
85264
17987
16956
64258
87022
57075
87023
20528
80324
9101
21208
78950
1874
59353
74324
98214
67231
33672
43155
79939
34558
22658
24181
10352
26032
59939
88844
69529
67099
35192
68890
6067
83092
7108
25505
69799
68772
55722
69833
99477
89884
22941
16330
85175
2327
24153
56798
4969
23727
51728
75936
23903
73344
26997
78871
15425
90132
15020
16774
51975
6523
67849
42926
47551
71052
17790
20684
80160
67367
50901
97279
13261
86365
90308
90242
8816
59279
52735
61347
98533
28520
95457
1462
65746
85848
14891
24098
24896
50266
52621
54710
8293
46725
28434
51633
27682
71587
87048
81540
3633
13802
46051
71812
14333
78281
32298
44407
33613
31936
61666
4766
83619
92337
64715
89168
53516
17549
60629
17156
93599
78869
78013
93725
24896
55342
93571
23075
11018
96727
94111
28085
73233
22114
97802
66392
40763
53042
41640
54019
7356
64214
11301
85984
38773
31287
61712
42463
92852
63070
34126
2426
43425
15622
24901
82109
7561
5856
60973
53707
44009
15422
14217
72298
87352
44563
33027
5662
19936
65250
70468
72127
69069
74191
91841
17900
31687
20545
59888
42893
52731
58169
3913
21313
62161
27654
11526
99537
72771
7367
36811
45466
1751
45799
79847
32593
14585
86040
43167
43554
28185
91175
16327
69966
17725
38224
71044
11454
25771
72300
8901
28847
75577
84064
81628
24815
21601
28113
619
89297
59059
79371
63332
19911
87657
6636
43012
44440
608
27600
45713
53633
45512
46983
38356
37595
38236
38977
13733
8484
30280
62149
35009
96987
26417
88095
71791
5316
41343
95129
31283
7394
36979
35279
39705
77502
946
81533
49327
91056
79813
33989
21739
91171
50749
91874
87759
61080
54258
91106