20	20		113	9999
20	40		7173	
21	61			
21	82			9991
21	103			
24	127		2827	
26	153			
28	181			
28	209			
31	240			
31	271			
31	302			
32	334			
32	366			
32	398			
32	430			
34	464			
34	498			
34	532			
35	567			
35	602			
35	637			
36	673			
38	711			
38	749			
39	788			
40	828			
40	868			
41	909			
41	950			
42	992			
43	1035			
44	1079			
44	1123			
44	1167			
45	1212			
45	1257			
46	1303			
46	1349			
48	1397			
48	1445			
48	1493			
50	1543			
52	1595			
53	1648			
54	1702			
56	1758			
57	1815			
58	1873			
58	1931			
58	1989			
58	2047			
59	2106			
59	2165			
62	2227			
66	2293			
66	2359			
68	2427			
68	2495			
71	2566			
72	2638			
73	2711			
74	2785			
77	2862			
81	2943			
81	3024			
84	3108			
86	3194			
86	3280			
86	3366			
88	3454			
90	3544			
93	3637			
94	3731			
94	3825			
94	3919			
94	4013			
97	4110			
100	4210			
102	4312			
109	4421			
109	4530			
113	4643			
113	4756			
114	4870			
114	4984			
114	5098			
115	5213			
115	5328			
116	5444			
117	5561			
119	5680			
119	5799			
120	5919			
120	6039			
121	6160			
121	6281			
122	6403			
123	6526			
124	6650			
126	6776			
128	6904	128		
129	7033	129		
131	7164	131	9991	
132	7296	132	9992	
133	7429	133	9993	
133	7562	133	9993	
133	7695	133	9993	
136	7831	136	9996	
136	7967	136	9996	
138	8105	138	9998	
138	8243	138	9998	
138	8381	138	9998	
138	8519	138	9998	
139	8658	139	9999	
142	8800	142	10002	
143	8943	143	10003	
143	9086	143	10003	
143	9229			
144	9373			
145	9518			
145	9663			
146	9809			
146	9955			
149	10104			
149	10253			
151	10404			
151	10555			
151	10706			
152	10858			
152	11010			
153	11163			
153	11316			
153	11469			
155	11624			
156	11780			
157	11937			
159	12096			
160	12256			
161	12417			
161	12578			
162	12740			
163	12903			
163	13066			
164	13230			
165	13395			
167	13562			
170	13732			
171	13903			
175	14078			
175	14253			
177	14430			
179	14609			
182	14791			
182	14973			
183	15156			
185	15341			
185	15526			
186	15712			
186	15898			
186	16084			
190	16274			
190	16464			
190	16654			
191	16845			
195	17040			
195	17235			
196	17431			
196	17627			
203	17830			
204	18034			
204	18238			
205	18443			
206	18649			
206	18855			
206	19061			
208	19269			
209	19478			
210	19688			
210	19898			
210	20108			
210	20318			
210	20528			
211	20739			
211	20950			
213	21163			
215	21378			
217	21595			
220	21815			
220	22035			
222	22257			
224	22481			
224	22705			
224	22929			
224	23153			
226	23379			
226	23605			
226	23831			
226	24057			
229	24286			
229	24515			
232	24747			
234	24981			
234	25215			
234	25449			
234	25683			
235	25918			
235	26153			
236	26389			
237	26626			
238	26864			
239	27103			
241	27344			
241	27585			
243	27828			
243	28071			
245	28316			
245	28561			
246	28807			
247	29054			
247	29301			
248	29549			
249	29798			
249	30047			
250	30297			
251	30548			
254	30802			
254	31056			
254	31310			
255	31565			
255	31820			
257	32077			
259	32336			
260	32596			
261	32857			
261	33118			
262	33380			
262	33642			
262	33904			
262	34166			
263	34429			
266	34695			
268	34963			
269	35232			
269	35501			
271	35772			
271	36043			
271	36314			
272	36586			
273	36859			
273	37132			
273	37405			
274	37679			
275	37954			
276	38230			
277	38507			
277	38784			
279	39063			
279	39342			
280	39622			
282	39904			
282	40186			
284	40470			
284	40754			
285	41039			
286	41325			
287	41612			
287	41899			
289	42188			
289	42477			
290	42767			
290	43057			
291	43348			
291	43639			
293	43932			
293	44225			
293	44518			
294	44812			
295	45107			
297	45404			
297	45701			
297	45998			
300	46298			
301	46599			
301	46900			
301	47201			
303	47504			
305	47809			
306	48115			
308	48423			
309	48732			
310	49042			
311	49353			
312	49665			
313	49978			
314	50292			
315	50607			
317	50924			
317	51241			
318	51559			
322	51881			
322	52203			
323	52526			
323	52849			
324	53173			
327	53500			
328	53828			
328	54156			
329	54485			
330	54815			
330	55145			
330	55475			
331	55806			
331	56137			
331	56468			
331	56799			
333	57132			
335	57467			
335	57802			
336	58138			
337	58475			
337	58812			
338	59150			
346	59496			
346	59842			
348	60190			
349	60539			
350	60889			
352	61241			
352	61593			
352	61945			
353	62298			
353	62651			
353	63004			
354	63358			
354	63712			
356	64068			
358	64426			
359	64785			
360	65145			
360	65505			
361	65866			
361	66227			
364	66591			
364	66955			
364	67319			
365	67684			
365	68049			
367	68416			
367	68783			
367	69150			
368	69518			
372	69890			
373	70263			
374	70637			
374	71011			
374	71385			
375	71760			
377	72137			
377	72514			
380	72894			
380	73274			
380	73654			
381	74035			
381	74416			
383	74799			
386	75185			
388	75573			
388	75961			
389	76350			
390	76740			
392	77132			
393	77525			
398	77923			
398	78321			
398	78719			
399	79118			
401	79519			
405	79924			
405	80329			
405	80734			
405	81139			
407	81546			
408	81954			
413	82367			
413	82780			
413	83193			
416	83609			
418	84027			
418	84445			
419	84864			
420	85284			
420	85704			
421	86125			
425	86550			
425	86975			
425	87400			
425	87825			
427	88252			
427	88679			
427	89106			
427	89533			
429	89962			
429	90391			
429	90820			
430	91250			
431	91681			
431	92112			
431	92543			
432	92975			
433	93408			
434	93842			
435	94277			
435	94712			
435	95147			
436	95583			
436	96019			
437	96456			
438	96894			
439	97333			
439	97772			
440	98212			
440	98652			
441	99093			
443	99536			
446	99982			
446	100428			
447	100875			
449	101324			
449	101773			
450	102223			
451	102674			
453	103127			
453	103580			
453	104033			
454	104487			
454	104941			
456	105397			
457	105854			
459	106313			
459	106772			
460	107232			
461	107693			
461	108154			
462	108616			
463	109079			
465	109544			
465	110009			
465	110474			
465	110939			
466	111405			
467	111872			
468	112340			
469	112809			
469	113278			
469	113747			
470	114217			
470	114687			
470	115157			
472	115629			
473	116102			
474	116576			
474	117050			
476	117526			
476	118002			
477	118479			
478	118957			
481	119438			
481	119919			
482	120401			
482	120883			
483	121366			
486	121852			
487	122339			
489	122828			
491	123319			
491	123810			
492	124302			
493	124795			
494	125289			
495	125784			
496	126280			
497	126777			
498	127275			
499	127774			
503	128277			
503	128780			
510	129290			
511	129801			
512	130313			
512	130825			
515	131340			
517	131857			
518	132375			
518	132893			
520	133413			
521	133934			
521	134455			
523	134978			
523	135501			
523	136024			
524	136548			
524	137072			
529	137601			
529	138130			
531	138661			
532	139193			
536	139729			
536	140265			
537	140802			
540	141342			
541	141883			
541	142424			
541	142965			
543	143508			
543	144051			
544	144595			
544	145139			
544	145683			
544	146227			
545	146772			
545	147317			
545	147862			
546	148408			
546	148954			
546	149500			
550	150050			
552	150602			
552	151154			
554	151708			
554	152262			
556	152818			
558	153376			
558	153934			
558	154492			
558	155050			
559	155609			
559	156168			
561	156729			
561	157290			
561	157851			
561	158412			
561	158973			
562	159535			
563	160098			
564	160662			
568	161230			
569	161799			
569	162368			
571	162939			
571	163510			
572	164082			
573	164655			
573	165228			
573	165801			
574	166375			
575	166950			
576	167526			
576	168102			
577	168679			
578	169257			
578	169835			
579	170414			
580	170994			
582	171576			
582	172158			
583	172741			
584	173325			
585	173910			
585	174495			
586	175081			
587	175668			
589	176257			
589	176846			
594	177440			
598	178038			
599	178637			
599	179236			
600	179836			
601	180437			
601	181038			
601	181639			
603	182242			
604	182846			
606	183452			
607	184059			
608	184667			
608	185275			
608	185883			
609	186492			
611	187103			
612	187715			
612	188327			
613	188940			
615	189555			
615	190170			
617	190787			
618	191405			
619	192024			
619	192643			
620	193263			
622	193885			
622	194507			
624	195131			
624	195755			
626	196381			
626	197007			
626	197633			
629	198262			
630	198892			
632	199524			
632	200156			
634	200790			
635	201425			
638	202063			
638	202701			
638	203339			
638	203977			
641	204618			
642	205260			
643	205903			
644	206547			
644	207191			
645	207836			
647	208483			
648	209131			
649	209780			
649	210429			
649	211078			
651	211729			
652	212381			
653	213034			
653	213687			
654	214341			
657	214998			
658	215656			
659	216315			
662	216977			
662	217639			
663	218302			
663	218965			
663	219628			
664	220292			
665	220957			
666	221623			
667	222290			
667	222957			
667	223624			
669	224293			
670	224963			
671	225634			
672	226306			
673	226979			
674	227653			
678	228331			
680	229011			
682	229693			
683	230376			
683	231059			
685	231744			
685	232429			
685	233114			
685	233799			
686	234485			
687	235172			
687	235859			
688	236547			
689	237236			
690	237926			
692	238618			
692	239310			
694	240004			
695	240699			
695	241394			
695	242089			
696	242785			
696	243481			
698	244179			
698	244877			
699	245576			
699	246275			
701	246976			
701	247677			
701	248378			
703	249081			
703	249784			
703	250487			
703	251190			
705	251895			
705	252600			
706	253306			
707	254013			
707	254720			
707	255427			
708	256135			
708	256843			
708	257551			
708	258259			
709	258968			
710	259678			
710	260388			
714	261102			
716	261818			
719	262537			
719	263256			
719	263975			
719	264694			
722	265416			
724	266140			
724	266864			
725	267589			
725	268314			
725	269039			
726	269765			
726	270491			
727	271218			
727	271945			
728	272673			
729	273402			
729	274131			
731	274862			
732	275594			
733	276327			
734	277061			
734	277795			
734	278529			
734	279263			
735	279998			
736	280734			
736	281470			
737	282207			
737	282944			
742	283686			
742	284428			
742	285170			
743	285913			
743	286656			
744	287400			
744	288144			
744	288888			
745	289633			
746	290379			
747	291126			
749	291875			
750	292625			
751	293376			
754	294130			
758	294888			
758	295646			
758	296404			
759	297163			
760	297923			
760	298683			
762	299445			
763	300208			
763	300971			
764	301735			
766	302501			
767	303268			
767	304035			
767	304802			
769	305571			
769	306340			
769	307109			
770	307879			
772	308651			
772	309423			
773	310196			
774	310970			
776	311746			
777	312523			
778	313301			
779	314080			
780	314860			
782	315642			
782	316424			
783	317207			
784	317991			
785	318776			
785	319561			
788	320349			
788	321137			
789	321926			
790	322716			
790	323506			
791	324297			
791	325088			
791	325879			
794	326673			
794	327467			
795	328262			
796	329058			
798	329856			
799	330655			
799	331454			
800	332254			
800	333054			
800	333854			
800	334654			
800	335454			
801	336255			
804	337059			
804	337863			
804	338667			
806	339473			
810	340283			
812	341095			
813	341908			
813	342721			
814	343535			
814	344349			
815	345164			
815	345979			
817	346796			
817	347613			
819	348432			
822	349254			
822	350076			
822	350898			
824	351722			
824	352546			
826	353372			
826	354198			
829	355027			
829	355856			
830	356686			
830	357516			
831	358347			
832	359179			
833	360012			
833	360845			
835	361680			
837	362517			
837	363354			
838	364192			
838	365030			
839	365869			
839	366708			
839	367547			
839	368386			
839	369225			
841	370066			
841	370907			
842	371749			
843	372592			
843	373435			
844	374279			
845	375124			
847	375971			
847	376818			
849	377667			
849	378516			
851	379367			
851	380218			
853	381071			
854	381925			
856	382781			
857	383638			
858	384496			
860	385356			
861	386217			
861	387078			
862	387940			
862	388802			
863	389665			
863	390528			
864	391392			
866	392258			
868	393126			
870	393996			
871	394867			
872	395739			
873	396612			
874	397486			
874	398360			
875	399235			
875	400110			
877	400987			
879	401866			
880	402746			
881	403627			
882	404509			
882	405391			
882	406273			
885	407158			
885	408043			
885	408928			
888	409816			
888	410704			
889	411593			
891	412484			
891	413375			
894	414269			
897	415166			
897	416063			
898	416961			
899	417860			
899	418759			
900	419659			
901	420560			
901	421461			
905	422366			
905	423271			
906	424177			
907	425084			
908	425992			
908	426900			
908	427808			
908	428716			
913	429629			
914	430543			
915	431458			
918	432376			
919	433295			
921	434216			
921	435137			
923	436060			
923	436983			
925	437908			
928	438836			
928	439764			
929	440693			
929	441622			
929	442551			
932	443483			
932	444415			
934	445349			
935	446284			
937	447221			
938	448159			
938	449097			
939	450036			
941	450977			
941	451918			
941	452859			
942	453801			
942	454743			
943	455686			
945	456631			
949	457580			
950	458530			
951	459481			
952	460433			
953	461386			
953	462339			
953	463292			
953	464245			
953	465198			
954	466152			
955	467107			
957	468064			
957	469021			
958	469979			
959	470938			
959	471897			
959	472856			
961	473817			
961	474778			
961	475739			
961	476700			
962	477662			
962	478624			
965	479589			
966	480555			
967	481522			
968	482490			
968	483458			
971	484429			
972	485401			
975	486376			
976	487352			
976	488328			
977	489305			
977	490282			
977	491259			
977	492236			
980	493216			
981	494197			
981	495178			
983	496161			
983	497144			
987	498131			
990	499121			
990	500111			
990	501101			
990	502091			
990	503081			
990	504071			
991	505062			
992	506054			
993	507047			
993	508040			
995	509035			
997	510032			
999	511031			
999	512030			
999	513029			
1000	514029			
1000	515029			
1000	516029			
